0.999999940 -0.000000000 -0.000000000 -0.000000030 -0.000000000 1.000000000 0.000000000 0.000000119 -0.000000000 0.000000000 1.000000000 -0.000000015
0.999991000 -0.002469766 -0.003434085 -0.003552541 0.002462033 0.999994457 -0.002254279 -0.004815613 0.003439634 0.002245804 0.999991536 0.672989726
0.999969721 -0.002116257 -0.007486561 -0.011808597 0.002090925 0.999992073 -0.003389850 -0.009199658 0.007493677 0.003374094 0.999966264 1.366472960
0.999936700 -0.001842362 -0.011090277 -0.033598743 0.001786720 0.999985754 -0.005025049 -0.008793166 0.011099376 0.005004916 0.999925911 2.070182085
0.999870360 -0.000595346 -0.016087672 -0.051949549 0.000504236 0.999983847 -0.005666828 -0.013203569 0.016090786 0.005657982 0.999854624 2.800248623
0.999792278 -0.001505849 -0.020323491 -0.068806641 0.001391871 0.999983251 -0.005621166 -0.026121277 0.020331614 0.005591711 0.999777675 3.535740614
0.999688864 0.000304965 -0.024940502 -0.092435867 -0.000477622 0.999976039 -0.006917086 -0.032109097 0.024937794 0.006926847 0.999665022 4.289083958
0.999558330 0.002957831 -0.029568572 -0.127050743 -0.003186717 0.999965310 -0.007696734 -0.038309924 0.029544780 0.007787561 0.999533117 5.054589272
0.999419272 0.003299366 -0.033912461 -0.158236399 -0.003503439 0.999976099 -0.005959971 -0.047237597 0.033891987 0.006075320 0.999407053 5.837454796
0.999252260 0.002659315 -0.038572572 -0.190768108 -0.002791598 0.999990463 -0.003375984 -0.052723754 0.038563222 0.003481138 0.999250114 6.644852161
0.999122798 0.002457003 -0.041802082 -0.227886051 -0.002489524 0.999996781 -0.000725931 -0.063638307 0.041800156 0.000829361 0.999125659 7.446958542
0.999010503 0.004030982 -0.044292126 -0.273089886 -0.004105753 0.999990344 -0.001597264 -0.069010399 0.044285264 0.001777536 0.999017358 8.262361526
0.998921752 0.003430778 -0.046297904 -0.320985496 -0.003506492 0.999992669 -0.001554250 -0.077344969 0.046292230 0.001714917 0.998926461 9.083401680
0.998841465 0.000601431 -0.048117597 -0.357525051 -0.000710690 0.999997199 -0.002253577 -0.085159630 0.048116114 0.002285164 0.998839080 9.912318230
0.998735309 0.000344063 -0.050275419 -0.399782538 -0.000428097 0.999998450 -0.001660725 -0.088223875 0.050274771 0.001680148 0.998733938 10.752705574
0.998677790 -0.001290750 -0.051389772 -0.454024076 0.001188461 0.999997199 -0.002020967 -0.096243195 0.051392242 0.001957219 0.998676598 11.588444710
0.998555303 0.001108417 -0.053722057 -0.496767044 -0.001332406 0.999990582 -0.004133771 -0.109991357 0.053716961 0.004199380 0.998547316 12.457813263
0.998485327 0.001573485 -0.054994963 -0.553736567 -0.001966542 0.999972939 -0.007093773 -0.115319654 0.054982305 0.007191179 0.998461485 13.324243546
0.998402476 0.005510393 -0.056231916 -0.617562771 -0.006001895 0.999945223 -0.008575497 -0.131805539 0.056181576 0.008899296 0.998380899 14.190161705
0.998299301 0.006313228 -0.057955217 -0.659925222 -0.006791855 0.999944508 -0.008065293 -0.143833920 0.057901092 0.008445201 0.998286545 15.069455147
0.998234510 0.005506540 -0.059138779 -0.719858050 -0.005917626 0.999959588 -0.006778314 -0.155161992 0.059099063 0.007116311 0.998226821 15.958312035
0.998141170 0.006405171 -0.060606197 -0.774758339 -0.006740598 0.999963105 -0.005331685 -0.165648878 0.060569812 0.005730296 0.998147547 16.853889465
0.998094797 0.005837197 -0.061421469 -0.833535075 -0.006148973 0.999969184 -0.004888214 -0.183729753 0.061391030 0.005256582 0.998099864 17.751499176
0.998012960 0.005656391 -0.062753692 -0.898043633 -0.006025756 0.999965608 -0.005698260 -0.195588052 0.062719293 0.006065076 0.998012722 18.655757904
0.997934401 0.003963039 -0.064118706 -0.956477225 -0.004383935 0.999969900 -0.006424964 -0.209465384 0.064091280 0.006692784 0.997921586 19.563825607
0.997902691 0.003867528 -0.064616725 -1.017617822 -0.004174146 0.999980688 -0.004610848 -0.221988127 0.064597629 0.004870898 0.997899473 20.488431931
0.997906446 0.004996873 -0.064480782 -1.084959745 -0.005085137 0.999986351 -0.001204817 -0.237014532 0.064473890 0.001530189 0.997918189 21.408864975
0.997950196 0.006332097 -0.063681841 -1.147028923 -0.006183102 0.999977708 0.002536495 -0.247381538 0.063696474 -0.002137544 0.997967064 22.341533661
0.998045266 0.005037588 -0.062290952 -1.203966141 -0.004701288 0.999973655 0.005544229 -0.255105197 0.062317230 -0.005240544 0.998042703 23.278259277
0.998143733 0.004962823 -0.060699370 -1.261385322 -0.004575681 0.999968350 0.006515370 -0.259238064 0.060729783 -0.006225536 0.998134792 24.208713531
0.998234808 0.005488111 -0.059136875 -1.321422696 -0.005285433 0.999979615 0.003583143 -0.264657527 0.059155338 -0.003264254 0.998243392 25.149238586
0.998267770 0.005955651 -0.058530953 -1.375629306 -0.006030492 0.999981165 -0.001102086 -0.269374639 0.058523294 0.001453146 0.998284996 26.094997406
0.998346448 0.005661684 -0.057203762 -1.430857062 -0.005908728 0.999973953 -0.004150442 -0.282274902 0.057178780 0.004481580 0.998353899 27.036691666
0.998393953 0.002848644 -0.056580957 -1.482482433 -0.003033227 0.999990463 -0.003176657 -0.290805608 0.056571368 0.003343178 0.998392999 27.997798920
0.998394012 0.001962925 -0.056617685 -1.543264270 -0.001857105 0.999996483 0.001921580 -0.306271434 0.056621253 -0.001813348 0.998394072 28.963577271
0.998349965 -0.001621489 -0.057399355 -1.598707676 0.001916754 0.999985278 0.005089364 -0.312232494 0.057390258 -0.005190986 0.998338282 29.938446045
0.998232126 -0.009204851 -0.058718063 -1.641768217 0.009492001 0.999944270 0.004613272 -0.320886195 0.058672324 -0.005162468 0.998263955 30.905591965
0.998126924 -0.011178316 -0.060146339 -1.693416953 0.011246123 0.999936581 0.000789017 -0.331120044 0.060133688 -0.001463952 0.998189330 31.864999771
0.998035133 -0.011291230 -0.061630204 -1.751574039 0.011125844 0.999933541 -0.003026042 -0.339438736 0.061660267 0.002334408 0.998094499 32.844635010
0.997911513 -0.009604736 -0.063878112 -1.817934990 0.009376744 0.999948561 -0.003868050 -0.348119944 0.063911974 0.003261003 0.997950256 33.827297211
0.997886360 -0.009921158 -0.064218841 -1.888515472 0.009785731 0.999949157 -0.002423025 -0.360794336 0.064239599 0.001789476 0.997932911 34.811237335
0.997842789 -0.006466447 -0.065327518 -1.963431001 0.006498564 0.999978900 0.000279109 -0.375045091 0.065324306 -0.000703042 0.997863889 35.800453186
0.997729897 -0.006709551 -0.067007720 -2.023592234 0.006826728 0.999975562 0.001519907 -0.382536560 0.066995889 -0.001973900 0.997751296 36.801368713
0.997658551 -0.005703001 -0.068153791 -2.092211246 0.005997440 0.999973655 0.004116384 -0.390587807 0.068128511 -0.004515493 0.997666359 37.775688171
0.997688234 -0.005665776 -0.067720197 -2.166981697 0.006164591 0.999955416 0.007159124 -0.398857653 0.067676626 -0.007560041 0.997678578 38.785888672
0.997662365 0.000095159 -0.068335176 -2.242258072 0.000556932 0.999954522 0.009523431 -0.402015120 0.068332992 -0.009539226 0.997616887 39.764446259
0.997658849 0.000391737 -0.068384901 -2.320142508 0.000216012 0.999960661 0.008879559 -0.410730034 0.068385698 -0.008873545 0.997619450 40.767086029
0.997674048 0.000322760 -0.068163626 -2.393092394 0.000171543 0.999973655 0.007245738 -0.413717449 0.068164192 -0.007240579 0.997647703 41.754829407
0.997660398 0.002929202 -0.068300210 -2.463322639 -0.002601920 0.999984741 0.004880278 -0.419692576 0.068313450 -0.004691148 0.997652888 42.745239258
0.997588158 0.002613582 -0.069360271 -2.534469128 -0.002285993 0.999985933 0.004801968 -0.423923194 0.069371812 -0.004631829 0.997580171 43.743953705
0.997513235 0.000624799 -0.070475779 -2.604290485 -0.000195394 0.999981403 0.006099672 -0.434667408 0.070478283 -0.006070733 0.997494757 44.719856262
0.997443080 0.000983433 -0.071457058 -2.674856663 -0.000476550 0.999974608 0.007110232 -0.440365046 0.071462229 -0.007057999 0.997418225 45.712875366
0.997445941 0.003532071 -0.071336523 -2.755044699 -0.003271706 0.999987543 0.003766337 -0.454090774 0.071348935 -0.003523326 0.997445166 46.669223785
0.997361839 0.003897777 -0.072485395 -2.827502251 -0.003946313 0.999992132 -0.000526403 -0.461687267 0.072482780 0.000811065 0.997369230 47.647319794
0.997309804 0.004851131 -0.073140815 -2.905437469 -0.005001573 0.999985754 -0.001873888 -0.468443006 0.073130690 0.002234666 0.997319758 48.617095947
0.997328341 0.003760940 -0.072952174 -2.986901522 -0.003623449 0.999991417 0.002016929 -0.488684118 0.072959132 -0.001747202 0.997333348 49.595615387
0.997298777 0.001405330 -0.073438585 -3.041151524 -0.001044139 0.999987245 0.004956436 -0.497880816 0.073444612 -0.004866365 0.997287452 50.553855896
0.997284293 -0.000439591 -0.073647708 -3.113899708 0.000859561 0.999983609 0.005670820 -0.507861137 0.073644012 -0.005718723 0.997268260 51.513050079
0.997260869 -0.003654085 -0.073875189 -3.187533617 0.004011976 0.999980986 0.004696716 -0.521252811 0.073856637 -0.004980234 0.997256458 52.476837158
0.997227073 -0.006658219 -0.074120559 -3.252184153 0.006924931 0.999970436 0.003341924 -0.531983912 0.074096113 -0.003845937 0.997243643 53.420669556
0.997133255 -0.008085631 -0.075233705 -3.321507454 0.008463653 0.999953151 0.004707142 -0.543610215 0.075192116 -0.005330398 0.997154832 54.366874695
0.996999681 -0.011720290 -0.076513559 -3.390482664 0.012443535 0.999882281 0.008982571 -0.551312804 0.076399267 -0.009907719 0.997028053 55.326911926
0.996962965 -0.011958429 -0.076953568 -3.463189602 0.013049200 0.999821067 0.013687168 -0.554811180 0.076776132 -0.014649783 0.996940732 56.266815186
0.996933579 -0.010113262 -0.077596411 -3.541786194 0.011375644 0.999809802 0.015843811 -0.554588735 0.077421419 -0.016677938 0.996858954 57.212841034
0.996831834 -0.009101905 -0.079014197 -3.619757652 0.010087951 0.999876022 0.012089139 -0.559376061 0.078894369 -0.012847932 0.996800125 58.143432617
0.996741414 -0.007677350 -0.080296554 -3.695935726 0.008033551 0.999959290 0.004113950 -0.560837030 0.080261692 -0.004745612 0.996762514 59.068847656
0.996704996 -0.005193894 -0.080945045 -3.780621529 0.005114294 0.999986231 -0.001190688 -0.562562227 0.080950111 0.000772788 0.996717811 59.977451324
0.996640086 -0.000773242 -0.081901684 -3.860294342 0.000767309 0.999999702 -0.000103928 -0.577464700 0.081901737 0.000040735 0.996640444 60.870838165
0.996545255 0.001726435 -0.083032846 -3.946513653 -0.001525437 0.999995768 0.002484086 -0.593011856 0.083036780 -0.002348842 0.996543646 61.777145386
0.996448696 0.004436606 -0.084084705 -4.027250767 -0.004124800 0.999983907 0.003881612 -0.605454803 0.084100567 -0.003520995 0.996451020 62.669513702
0.996341228 0.005110216 -0.085311197 -4.100315571 -0.004805593 0.999981344 0.003775701 -0.617532790 0.085328899 -0.003351916 0.996347189 63.530422211
0.996186912 0.006880559 -0.086971961 -4.180914879 -0.006499007 0.999967992 0.004669464 -0.627198696 0.087001301 -0.004086428 0.996199727 64.376785278
0.996069789 0.007598379 -0.088246159 -4.259165764 -0.007161312 0.999960542 0.005268384 -0.640366793 0.088282727 -0.004615718 0.996084690 65.226242065
0.995942533 0.007412583 -0.089685410 -4.334244251 -0.006923056 0.999959409 0.005768116 -0.647995949 0.089724541 -0.005123815 0.995953321 66.048370361
0.995833695 0.007159001 -0.090906292 -4.411017418 -0.006581585 0.999956191 0.006649959 -0.653609216 0.090949923 -0.006023946 0.995837212 66.858024597
0.995688796 0.010035572 -0.092212655 -4.495285988 -0.009223194 0.999914885 0.009231783 -0.657944024 0.092297472 -0.008341487 0.995696425 67.649909973
0.995542049 0.011550232 -0.093608454 -4.571436882 -0.010319631 0.999854088 0.013619698 -0.667917669 0.093752086 -0.012592977 0.995515943 68.444869995
0.995328784 0.015116108 -0.095353171 -4.651064873 -0.013723977 0.999789834 0.015238722 -0.669542432 0.095563479 -0.013858912 0.995326817 69.222358704
0.995195508 0.017476805 -0.096334077 -4.738202095 -0.016457455 0.999799967 0.011365865 -0.680010438 0.096513458 -0.009725845 0.995284081 69.960937500
0.995043337 0.017350333 -0.097916663 -4.809244156 -0.017024653 0.999846458 0.004160658 -0.688216209 0.097973809 -0.002473035 0.995185912 70.678680420
0.994909704 0.016435904 -0.099420682 -4.880982399 -0.016690461 0.999859214 -0.001729121 -0.694265485 0.099378273 0.003379697 0.995043874 71.397186279
0.994883239 0.017235102 -0.099549226 -4.960236549 -0.017624335 0.999840081 -0.003031773 -0.699772716 0.099481054 0.004770749 0.995027900 72.090927124
0.994738996 0.019990144 -0.100471787 -5.037635803 -0.020041103 0.999799132 0.000502226 -0.710251451 0.100461632 0.001513981 0.994939685 72.769691467
0.994604588 0.020147307 -0.101763211 -5.108852386 -0.019918498 0.999796331 0.003264184 -0.732022762 0.101808257 -0.001219603 0.994803190 73.421112061
0.994554102 0.016898189 -0.102843381 -5.172661781 -0.017020959 0.999854982 -0.000316213 -0.739562213 0.102823168 0.002064984 0.994697452 74.051300049
0.994621515 0.008790353 -0.103202775 -5.216612816 -0.009394084 0.999941468 -0.005365338 -0.755924582 0.103149563 0.006305975 0.994645834 74.663581848
0.994757712 0.004688283 -0.102153987 -5.271965027 -0.005788408 0.999928355 -0.010475475 -0.759274662 0.102097549 0.011011867 0.994713426 75.261795044
0.995054841 0.007039608 -0.099077716 -5.332473755 -0.008130520 0.999910593 -0.010611177 -0.773536265 0.098994136 0.011364257 0.995023072 75.845138550
0.995410323 0.012207166 -0.094918378 -5.395025253 -0.012964350 0.999888837 -0.007364602 -0.790989041 0.094817959 0.008561354 0.995457828 76.408515930
0.995851159 0.010658434 -0.090371937 -5.443957329 -0.011082634 0.999929845 -0.004193424 -0.801946998 0.090320908 0.005177584 0.995899200 76.966247559
0.996396184 0.007116185 -0.084521860 -5.481801033 -0.007162255 0.999974430 -0.000241875 -0.808267713 0.084517978 0.000846371 0.996421635 77.510490417
0.997081339 0.002629122 -0.076301210 -5.512222290 -0.002379609 0.999991596 0.003360844 -0.825646281 0.076309405 -0.003169467 0.997079074 78.036483765
0.997822285 0.006154913 -0.065670542 -5.546577454 -0.005946464 0.999976695 0.003369172 -0.837083459 0.065689743 -0.002971327 0.997835636 78.553611755
0.998668730 0.011385464 -0.050309889 -5.576498985 -0.011260914 0.999932826 0.002758433 -0.842683494 0.050337899 -0.002188225 0.998729825 79.057327271
0.999341726 0.016463896 -0.032325845 -5.589749336 -0.016364338 0.999860585 0.003342097 -0.848791480 0.032376360 -0.002810906 0.999471784 79.548690796
0.999832928 0.015025903 -0.010406362 -5.573091507 -0.014985358 0.999879837 0.003963194 -0.856103063 0.010464663 -0.003806588 0.999938011 80.024391174
0.999805212 0.011604581 0.015970238 -5.544988155 -0.011682696 0.999920249 0.004806646 -0.862664521 -0.015913179 -0.004992284 0.999860942 80.492034912
0.998911917 0.010515699 0.045433648 -5.501426697 -0.010814662 0.999921501 0.006339398 -0.869485378 -0.045363419 -0.006823850 0.998947263 80.945434570
0.996859133 0.010006367 0.078560866 -5.447797298 -0.010654530 0.999912679 0.007835642 -0.877773583 -0.078475595 -0.008648060 0.996878564 81.393013000
0.993189752 0.009630742 0.116108462 -5.373292923 -0.010695159 0.999906301 0.008547890 -0.885157526 -0.116015248 -0.009731475 0.993199706 81.819267273
0.987420499 0.009810945 0.157810554 -5.281244278 -0.011259722 0.999902248 0.008289024 -0.887623012 -0.157713816 -0.009961654 0.987434685 82.246879578
0.979204834 0.009108623 0.202668875 -5.162275314 -0.011029683 0.999904335 0.008351408 -0.896126330 -0.202573404 -0.010413111 0.979211748 82.661331177
0.967837334 0.011364702 0.251319706 -5.028593063 -0.013365170 0.999891102 0.006254366 -0.904096067 -0.251221269 -0.009412137 0.967883945 83.058387756
0.952445805 0.012680445 0.304443598 -4.873720169 -0.014376997 0.999891043 0.003331484 -0.912713408 -0.304368198 -0.007550042 0.952524543 83.440910339
0.932410359 0.013150261 0.361161917 -4.718940735 -0.014589517 0.999892771 0.001258620 -0.916448236 -0.361106634 -0.006442727 0.932502270 83.783264160
0.908158422 0.013573677 0.418406487 -4.515296936 -0.014680015 0.999892056 -0.000574641 -0.921895385 -0.418369114 -0.005620348 0.908259630 84.135299683
0.879255474 0.013769330 0.476151407 -4.298927307 -0.014115586 0.999896348 -0.002849292 -0.926518977 -0.476141274 -0.004215900 0.879358649 84.454147339
0.845876873 0.012798200 0.533224702 -4.052745819 -0.011760286 0.999916553 -0.005343677 -0.930011451 -0.533248544 -0.001750781 0.845956802 84.763839722
0.808632076 0.012983807 0.588171422 -3.800083160 -0.011035268 0.999915242 -0.006901452 -0.937485695 -0.588211179 -0.000909893 0.808706820 85.053810120
0.768820524 0.011241578 0.639365673 -3.515838623 -0.009710344 0.999935448 -0.005904819 -0.947516739 -0.639390826 -0.001668716 0.768880188 85.332771301
0.727129936 0.010886664 0.686413527 -3.224151611 -0.011418001 0.999927759 -0.003763778 -0.956807613 -0.686405003 -0.005100714 0.727201700 85.558074951
0.681523442 0.010088981 0.731726646 -2.922420502 -0.010601588 0.999936163 -0.003912807 -0.959971249 -0.731719315 -0.005090795 0.681587040 85.790740967
0.635193586 0.008860493 0.772302091 -2.597328186 -0.007348769 0.999958277 -0.005428230 -0.965955019 -0.772318006 -0.002227493 0.635232270 85.995994568
0.588339031 0.006054428 0.808591664 -2.262714386 -0.001786036 0.999979258 -0.006187930 -0.977134943 -0.808612466 0.002196427 0.588337660 86.178398132
0.541641235 0.007715909 0.840574265 -1.928565979 -0.003798844 0.999970138 -0.006731194 -0.991572738 -0.840601027 0.000452681 0.541654468 86.347106934
0.495081365 0.010923391 0.868777871 -1.592296600 -0.007051568 0.999938548 -0.008554110 -0.996399283 -0.868818045 -0.001891265 0.495127976 86.494522095
0.448117614 0.013371117 0.893874586 -1.270652771 -0.009544049 0.999902725 -0.010172526 -1.014891028 -0.893923819 -0.003972692 0.448201627 86.638854980
0.405315965 0.010868761 0.914112031 -0.917892456 -0.002136330 0.999937952 -0.010941984 -1.020025730 -0.914174199 0.002482116 0.405313969 86.753372192
0.365992486 0.003245895 0.930612087 -0.543148041 0.013115622 0.999876678 -0.008645616 -1.022794127 -0.930525422 0.015369788 0.365904748 86.842666626
0.330881178 -0.000681182 0.943672121 -0.175979614 0.016920066 0.999843359 -0.005210980 -1.032585382 -0.943520725 0.017691212 0.330840796 86.929840088
0.297268003 0.003811439 0.954786479 0.189910889 0.014164886 0.999864399 -0.008401553 -1.038270473 -0.954688966 0.016021956 0.297173738 87.035270691
0.266154200 0.011494725 0.963861883 0.555841446 0.003223138 0.999912620 -0.012814669 -1.052523494 -0.963925064 0.006517338 0.266093910 87.132942200
0.237668172 0.015783153 0.971218228 0.943708420 -0.001442598 0.999872565 -0.015895791 -1.069739103 -0.971345305 0.002376846 0.237660691 87.221206665
0.212132424 0.017276930 0.977088213 1.343954086 -0.000783009 0.999846339 -0.017509341 -1.091073513 -0.977240622 0.002949229 0.212113321 87.287391663
0.188478291 0.018884316 0.981895745 1.739749908 0.006534821 0.999768913 -0.020482438 -1.097481012 -0.982055604 0.010277013 0.188311324 87.338973999
0.168435782 0.025122274 0.985392392 2.151813507 0.013208886 0.999527991 -0.027740482 -1.098586559 -0.985624135 0.017688425 0.168024451 87.380752563
0.148557290 0.032135017 0.988381505 2.576239586 0.015310387 0.999277413 -0.034790479 -1.096801281 -0.988785207 0.020300884 0.147957951 87.431755066
0.131056696 0.032878343 0.990829468 3.016198158 0.013658144 0.999295235 -0.034965806 -1.108142853 -0.991280735 0.018115398 0.130515292 87.486602783
0.115797013 0.028529491 0.992863059 3.465980530 0.011761690 0.999477983 -0.030091327 -1.129832983 -0.993203282 0.015162235 0.115401007 87.529586792
0.101316452 0.025410883 0.994529605 3.936310768 0.011387935 0.999578774 -0.026700016 -1.151016355 -0.994789004 0.014030792 0.100984395 87.568885803
0.088128723 0.022948042 0.995844722 4.420354366 0.014205485 0.999603927 -0.024291810 -1.166903734 -0.996007740 0.016287260 0.087767839 87.600021362
0.076540358 0.021937151 0.996825099 4.913805485 0.018085044 0.999562919 -0.023386044 -1.184154749 -0.996902466 0.019817602 0.076110154 87.623703003
0.066353425 0.022607464 0.997539997 5.424623966 0.021453774 0.999479890 -0.024078470 -1.197248816 -0.997565508 0.022998691 0.065833896 87.648010254
0.058609910 0.023156177 0.998012304 5.952454090 0.023569921 0.999420166 -0.024573024 -1.211438656 -0.998002648 0.024963291 0.058030140 87.672096252
0.052885521 0.023269501 0.998329341 6.502301216 0.025398079 0.999373794 -0.024639282 -1.230706692 -0.998277605 0.026658712 0.052261408 87.699806213
0.047365349 0.024592254 0.998574793 7.061735630 0.026758818 0.999306858 -0.025879532 -1.242654085 -0.998519123 0.027946472 0.046674456 87.720626831
0.041664615 0.025193332 0.998813927 7.636681557 0.027520031 0.999273837 -0.026352908 -1.257771254 -0.998752534 0.028585372 0.040941041 87.735893250
0.036984276 0.025193637 0.998998225 8.241580009 0.029519770 0.999218345 -0.026292052 -1.278772950 -0.998879790 0.030462589 0.036211655 87.760246277
0.034098133 0.025448371 0.999094427 8.862754822 0.030691221 0.999177635 -0.026497955 -1.293641806 -0.998947203 0.031566951 0.033289053 87.777786255
0.031157309 0.024614196 0.999211311 9.496800423 0.032017350 0.999159157 -0.025611274 -1.317457199 -0.999001563 0.032790080 0.030343028 87.793632507
0.028730668 0.024070311 0.999297261 10.158508301 0.034252819 0.999099255 -0.025050336 -1.336046815 -0.999000132 0.034948464 0.027880311 87.810569763
0.028122546 0.023756402 0.999322116 10.830647469 0.038457837 0.998951614 -0.024829863 -1.353970289 -0.998864412 0.039130043 0.027179446 87.820442200
0.029252887 0.023423985 0.999297440 11.518973351 0.042239796 0.998803437 -0.024648907 -1.373551011 -0.998679101 0.042931177 0.028228458 87.836692810
0.031733435 0.023237385 0.999226153 12.231374741 0.044110689 0.998723030 -0.024626551 -1.397871733 -0.998522460 0.044858038 0.030667897 87.856719971
0.035508994 0.023243837 0.999098897 12.949995995 0.046280421 0.998618662 -0.024877517 -1.416982412 -0.998297155 0.047122099 0.034384213 87.881790161
0.039945945 0.022644430 0.998945117 13.690645218 0.046747487 0.998606145 -0.024506090 -1.438750505 -0.998107791 0.047677092 0.038831685 87.909187317
0.043978732 0.021064432 0.998810351 14.449277878 0.048220292 0.998567700 -0.023182511 -1.459595680 -0.997868061 0.049182463 0.042900011 87.945594788
0.047805078 0.019414604 0.998667836 15.209047318 0.047743089 0.998623908 -0.021699153 -1.483094692 -0.997715116 0.048716821 0.046812385 87.989387512
0.051820129 0.017462378 0.998503745 15.994503021 0.044715092 0.998803794 -0.019788241 -1.501925945 -0.997654915 0.045673609 0.050977316 88.035804749
0.055591878 0.016434826 0.998318315 16.788726807 0.043993052 0.998853207 -0.018893406 -1.522439361 -0.997483909 0.044969387 0.054805104 88.092926025
0.059727721 0.017318957 0.998064458 17.594671249 0.041457668 0.998943865 -0.019815190 -1.544806957 -0.997353494 0.042560942 0.058946624 88.149673462
0.063002609 0.021121088 0.997789800 18.376943588 0.039087959 0.998956621 -0.023613887 -1.577247858 -0.997247577 0.040489294 0.062111307 88.190780640
0.064367890 0.026534414 0.997573316 19.179481506 0.033376630 0.999029875 -0.028726758 -1.600885630 -0.997367859 0.035144717 0.063419811 88.253379822
0.064204857 0.029562585 0.997498751 19.987195969 0.030229636 0.999044716 -0.031554159 -1.631522894 -0.997478724 0.032179959 0.063249856 88.310539246
0.064097621 0.029226439 0.997515678 20.805862427 0.028094353 0.999121964 -0.031078778 -1.664238214 -0.997548044 0.030016629 0.063220277 88.375846863
0.063957125 0.027573263 0.997571647 21.618587494 0.025251770 0.999253452 -0.029238706 -1.696405172 -0.997633159 0.027060471 0.063213103 88.437934875
0.064213447 0.026271738 0.997590303 22.435483932 0.026288994 0.999261916 -0.028007945 -1.729503751 -0.997589886 0.028024130 0.063475393 88.485832214
0.064311370 0.025121100 0.997613609 23.253490448 0.023865560 0.999358535 -0.026703533 -1.770294428 -0.997644484 0.025525950 0.063670591 88.551712036
0.064271905 0.025808694 0.997598648 24.065935135 0.021831799 0.999389946 -0.027261583 -1.802307844 -0.997693598 0.023531530 0.063669242 88.609344482
0.064078249 0.026434699 0.997594774 24.879638672 0.018871745 0.999438286 -0.027695734 -1.835666060 -0.997766495 0.020601049 0.063543394 88.673042297
0.062728554 0.027950415 0.997639120 25.693990707 0.016112590 0.999449253 -0.029014233 -1.865711331 -0.997900546 0.017894574 0.062243648 88.737434387
0.060490735 0.027470527 0.997790694 26.493904114 0.013069089 0.999513805 -0.028310275 -1.901643038 -0.998083234 0.014752725 0.060102310 88.776138306
0.056645885 0.026367420 0.998046041 27.306888580 0.011122247 0.999572575 -0.027039008 -1.927236319 -0.998332500 0.012632160 0.056328394 88.827621460
0.051978935 0.024072096 0.998358011 28.120155334 0.009427198 0.999653101 -0.024594143 -1.957026720 -0.998603642 0.010690096 0.051733974 88.873054504
0.045950495 0.021980412 0.998701870 28.927448273 0.007670362 0.999720752 -0.022355745 -1.985503912 -0.998914301 0.008687664 0.045769066 88.910385132
0.038439862 0.021999186 0.999018729 29.716062546 0.006222283 0.999733031 -0.022254335 -2.025871277 -0.999241531 0.007071631 0.038292706 88.937400818
0.029757900 0.022843685 0.999296010 30.517210007 0.006190145 0.999715447 -0.023037607 -2.050709248 -0.999538064 0.006871338 0.029608024 88.957473755
0.020082183 0.023092581 0.999531627 31.317401886 0.006766451 0.999707222 -0.023232589 -2.078126192 -0.999775410 0.007229843 0.019920044 88.968612671
0.009729214 0.022340328 0.999703050 32.112163544 0.008043248 0.999716222 -0.022418903 -2.106208324 -0.999920309 0.008258978 0.009546764 88.972557068
-0.001042848 0.021435702 0.999769688 32.897438049 0.007054690 0.999745488 -0.021427829 -2.134227276 -0.999974549 0.007030717 -0.001193805 88.972946167
-0.012090258 0.020964719 0.999707103 33.688850403 0.008949208 0.999742448 -0.020857235 -2.156965733 -0.999886870 0.008694418 -0.012274763 88.962882996
-0.023203682 0.020896653 0.999512494 34.462375641 0.008809378 0.999747038 -0.020697050 -2.190943241 -0.999691963 0.008324835 -0.023381896 88.940063477
-0.034145832 0.021646418 0.999182343 35.243453979 0.008987391 0.999731660 -0.021351185 -2.217139006 -0.999376476 0.008250989 -0.034331206 88.907028198
-0.044595338 0.022524886 0.998751223 36.018070221 0.008450197 0.999718547 -0.022169394 -2.247816563 -0.998969436 0.007450993 -0.044773132 88.869422913
-0.055023134 0.023944937 0.998197854 36.795158386 0.009684404 0.999678135 -0.023446618 -2.264397383 -0.998438120 0.008376844 -0.055237327 88.831420898
-0.064530924 0.024427818 0.997616589 37.548377991 0.010688351 0.999660015 -0.023786470 -2.294904709 -0.997858465 0.009127914 -0.064770080 88.779045105
-0.074408218 0.024948493 0.996915698 38.310974121 0.010765919 0.999648869 -0.024213338 -2.324875355 -0.997169793 0.008931044 -0.074650690 88.721687317
-0.083697781 0.025525754 0.996164203 39.056529999 0.012092754 0.999624372 -0.024598388 -2.347746849 -0.996417761 0.009987541 -0.083975010 88.663490295
-0.092072658 0.024906944 0.995440781 39.789508820 0.013345203 0.999628365 -0.023777368 -2.375895739 -0.995662808 0.011095114 -0.092370838 88.589111328
-0.099503160 0.023696939 0.994754970 40.513011932 0.014769013 0.999641478 -0.022336032 -2.406558990 -0.994927704 0.012469046 -0.099817462 88.510337830
-0.104789950 0.022261767 0.994245112 41.238632202 0.017819965 0.999630868 -0.020504192 -2.431162596 -0.994334698 0.015568786 -0.105147973 88.430366516
-0.108070880 0.020716913 0.993927240 41.943325043 0.021081170 0.999605715 -0.018543091 -2.453764915 -0.993919611 0.018949179 -0.108465008 88.339775085
-0.110912822 0.019681539 0.993635118 42.650299072 0.022562675 0.999596000 -0.017281089 -2.477215290 -0.993574023 0.020502372 -0.111312099 88.260589600
-0.112846993 0.018648263 0.993437231 43.332092285 0.022775235 0.999609649 -0.016177034 -2.500662804 -0.993351340 0.020800237 -0.113227673 88.186500549
-0.113664605 0.019124342 0.993335068 43.998565674 0.023647455 0.999583602 -0.016538728 -2.524913788 -0.993237734 0.021609979 -0.114069536 88.112747192
-0.112695269 0.020076348 0.993426800 44.652351379 0.024402751 0.999550283 -0.017431827 -2.547799587 -0.993329942 0.022277860 -0.113134518 88.040725708
-0.109535545 0.021897707 0.993741572 45.275230408 0.025639271 0.999486983 -0.019198211 -2.566814899 -0.993652225 0.023375928 -0.110040791 87.971191406
-0.104486354 0.022459866 0.994272530 45.902954102 0.025321655 0.999480963 -0.019916506 -2.588142395 -0.994203925 0.023095621 -0.105000846 87.909065247
-0.096463531 0.023376752 0.995061815 46.496688843 0.025015593 0.999465346 -0.021055134 -2.607016802 -0.995022058 0.022861009 -0.096996732 87.855247498
-0.085148171 0.023024332 0.996102154 47.068969727 0.023629727 0.999498487 -0.021082938 -2.636071920 -0.996088028 0.021742444 -0.085649520 87.812835693
-0.071739256 0.022480624 0.997169912 47.572006226 0.021965025 0.999539137 -0.020953812 -2.674744844 -0.997181594 0.020399652 -0.072199970 87.775634766
-0.054485008 0.024179105 0.998221695 48.151351929 0.021024102 0.999512851 -0.023062836 -2.692739010 -0.998293221 0.019730140 -0.054966804 87.764068604
-0.033433769 0.026850108 0.999080122 48.684387207 0.019197624 0.999471843 -0.026218195 -2.713567972 -0.999256492 0.018303392 -0.033931568 87.768043518
-0.008602463 0.029799426 0.999518812 49.197101593 0.017335266 0.999410093 -0.029646985 -2.738649368 -0.999812722 0.017071888 -0.009113971 87.777770996
0.019865442 0.031287350 0.999312997 49.698280334 0.015428327 0.999381602 -0.031596199 -2.764007092 -0.999683678 0.016045395 0.019370440 87.799644470
0.052934717 0.031062670 0.998114705 50.206115723 0.013496984 0.999402523 -0.031818554 -2.779925823 -0.998506784 0.015155843 0.052483846 87.852066040
0.091122083 0.028460778 0.995432913 50.719779968 0.012404407 0.999481559 -0.029712036 -2.806201935 -0.995762408 0.015055178 0.090721786 87.913848877
0.133630723 0.025172656 0.990711451 51.209739685 0.010272196 0.999588430 -0.026783768 -2.822452068 -0.990977943 0.013755914 0.133317158 88.000190735
0.179374069 0.020697348 0.983563125 51.713272095 0.007660768 0.999718904 -0.022434432 -2.844463825 -0.983751059 0.011559004 0.179165095 88.110885620
0.227732003 0.017121989 0.973573267 52.188579559 0.002855100 0.999829292 -0.018251594 -2.868416309 -0.973719656 0.006936123 0.227644235 88.253547668
0.280253381 0.015375063 0.959802866 52.642730713 -0.000881908 0.999875426 -0.015759476 -2.885890007 -0.959925532 0.003570190 0.280232042 88.407928467
0.333732188 0.015354769 0.942542791 53.102470398 -0.001660326 0.999875367 -0.015700879 -2.899643421 -0.942666531 0.003674961 0.333716094 88.609390259
0.391820073 0.015892321 0.919904530 53.542816162 0.000783913 0.999844790 -0.017607264 -2.912198544 -0.920041561 0.007620005 0.391746789 88.826637268
0.451777071 0.019444399 0.891918838 53.960548401 0.001067048 0.999749839 -0.022335667 -2.926392317 -0.892130315 0.011042463 0.451643318 89.073196411
0.509425759 0.023481306 0.860194266 54.321830750 0.001836399 0.999595702 -0.028374199 -2.939662933 -0.860512674 0.016034206 0.509176612 89.348602295
0.567593038 0.027802225 0.822839916 54.688758850 -0.002483774 0.999482930 -0.032057371 -2.952908754 -0.823305666 0.016151790 0.567368507 89.650207520
0.624427795 0.030628903 0.780481935 55.033271790 -0.006399067 0.999397874 -0.034100350 -2.967827082 -0.781056404 0.016298847 0.624247789 89.961814880
0.675537169 0.032640569 0.736603141 55.328678131 -0.008351900 0.999294519 -0.036621507 -2.970828533 -0.737278700 0.018587152 0.675333023 90.311141968
0.725133538 0.029160192 0.687990606 55.635025024 -0.007638225 0.999382198 -0.034307804 -3.000066757 -0.688565969 0.019622706 0.724908352 90.672416687
0.770127296 0.026907273 0.637322485 55.895229340 -0.010609517 0.999512196 -0.029378325 -3.008923292 -0.637802005 0.015863366 0.770036995 91.054252625
0.811516881 0.022962445 0.583877504 56.140380859 -0.011949956 0.999670804 -0.022705605 -3.013561249 -0.584206700 0.011448670 0.811524212 91.460350037
0.848233342 0.021175811 0.529199064 56.356758118 -0.014736591 0.999757171 -0.016384382 -3.021018028 -0.529417455 0.006099189 0.848339438 91.883415222
0.879125118 0.018028606 0.476250052 56.538436890 -0.015769180 0.999837458 -0.008740355 -3.030760527 -0.476330191 0.000173794 0.879266441 92.316284180
0.904734731 0.019293489 0.425538540 56.700763702 -0.019826824 0.999798417 -0.003176181 -3.038221359 -0.425513923 -0.005563477 0.904934704 92.755790710
0.924636126 0.019638859 0.380344957 56.813259125 -0.021833045 0.999760568 0.001455166 -3.064078093 -0.380225211 -0.009649584 0.924843669 93.148132324
0.939830005 0.025815345 0.340665609 56.928108215 -0.028974425 0.999571383 0.004188122 -3.067288160 -0.340411395 -0.013806713 0.940175176 93.607048035
0.951591849 0.030118413 0.305885345 57.034347534 -0.032751173 0.999457538 0.003477361 -3.068933249 -0.305614620 -0.013327133 0.952062011 94.060630798
0.960896790 0.032329347 0.275013089 57.146041870 -0.034759335 0.999387860 0.003965518 -3.073064804 -0.274716496 -0.013369723 0.961432219 94.507263184
0.967150033 0.026057644 0.252866924 57.264549255 -0.027901711 0.999603808 0.003708754 -3.064620256 -0.252670020 -0.010642340 0.967493951 94.970558167
0.971238375 0.023193436 0.236976981 57.377822876 -0.025089925 0.999672771 0.004989733 -3.077737093 -0.236783698 -0.010791956 0.971502423 95.451934814
0.973926187 0.028637631 0.225050598 57.464019775 -0.030601019 0.999518037 0.005240174 -3.092864990 -0.224792048 -0.011990320 0.974332929 95.931182861
0.976125121 0.032991488 0.214688882 57.565353394 -0.034928147 0.999376178 0.005232422 -3.077779293 -0.214382321 -0.012606182 0.976668417 96.431747437
0.977154374 0.040968567 0.208544731 57.657302856 -0.042664904 0.999082804 0.003640477 -3.073906898 -0.208204299 -0.012454845 0.978006065 96.936813354
0.977514744 0.046674099 0.205636695 57.753433228 -0.047672164 0.998863101 -0.000101098 -3.075185537 -0.205407605 -0.009704320 0.978628397 97.454238892
0.977621138 0.047607735 0.204915777 57.856597900 -0.047978502 0.998843431 -0.003161678 -3.074217796 -0.204829246 -0.006740625 0.978774548 97.985771179
0.977148771 0.045954853 0.207529098 57.971252441 -0.045618512 0.998938441 -0.006408697 -3.086030006 -0.207603276 -0.003204916 0.978207886 98.531837463
0.976268411 0.045914482 0.211641267 58.088104248 -0.044278733 0.998941481 -0.012464300 -3.103142738 -0.211989522 0.002797294 0.977267921 99.082473755
0.975547791 0.045132544 0.215103477 58.228668213 -0.042406742 0.998951077 -0.017272593 -3.096655369 -0.215657398 0.007728402 0.976438522 99.622772217
0.974290252 0.049804728 0.219722688 58.348228455 -0.047187299 0.998738945 -0.017147964 -3.103423119 -0.220299661 0.006338975 0.975411654 100.206459045
0.972804070 0.053008549 0.225482449 58.474006653 -0.051400442 0.998593569 -0.013000721 -3.116650105 -0.225854442 0.001057259 0.974160552 100.799163818
0.971855819 0.049636450 0.230287522 58.617912292 -0.048926171 0.998763680 -0.008797228 -3.122722149 -0.230439439 -0.002717449 0.973082900 101.401824951
0.971197724 0.045873370 0.233817175 58.779510498 -0.046541698 0.998912811 -0.002661507 -3.141402245 -0.233685046 -0.008297398 0.972276986 102.018417358
0.970385730 0.043406948 0.237628475 58.935295105 -0.045160346 0.998977959 0.001937376 -3.149997950 -0.237301514 -0.012611387 0.971354246 102.648818970
0.969863057 0.038660850 0.240563810 59.094917297 -0.040474642 0.999177217 0.002601479 -3.156940460 -0.240265280 -0.012259813 0.970629990 103.282363892
0.969847441 0.035310727 0.241141230 59.254508972 -0.036202330 0.999344170 -0.000733344 -3.158734798 -0.241008967 -0.008018642 0.970489800 103.923728943
0.970049202 0.034573480 0.240435317 59.420341492 -0.033740472 0.999401927 -0.007581595 -3.171506882 -0.240553632 -0.000757881 0.970635593 104.571517944
0.970144212 0.037277278 0.239646718 59.577186584 -0.034913603 0.999290824 -0.014102507 -3.182244539 -0.240002513 0.005314535 0.970757723 105.230972290
0.970721126 0.040038340 0.236849025 59.733695984 -0.036805168 0.999159276 -0.018058492 -3.187637806 -0.237372950 0.008812495 0.971378565 105.906227112
0.971362054 0.038630754 0.234442890 59.899215698 -0.036398139 0.999241471 -0.013844254 -3.196330547 -0.234799862 0.004914500 0.972031355 106.603378296
0.971773982 0.034886163 0.233319968 60.065902710 -0.034454770 0.999388754 -0.005925708 -3.213538170 -0.233384073 -0.002280536 0.972381949 107.315467834
0.972380698 0.034499284 0.230836660 60.236991882 -0.035460383 0.999371111 0.000014788 -3.228739500 -0.230690986 -0.008199936 0.972992420 108.040054321
0.972643971 0.038067285 0.229160458 60.397132874 -0.038943704 0.999241173 -0.000698331 -3.236898184 -0.229013145 -0.008245130 0.973388314 108.766059875
0.972930908 0.043622140 0.226941749 60.555053711 -0.043520506 0.999037743 -0.005453872 -3.240921021 -0.226961255 -0.004570379 0.973892987 109.502021790
0.973834813 0.044417877 0.222874045 60.726234436 -0.043089341 0.999012589 -0.010822775 -3.248651981 -0.223134711 0.000936099 0.974787176 110.238052368
0.974791408 0.042851083 0.218965009 60.892997742 -0.040849429 0.999071836 -0.013662673 -3.260187387 -0.219347268 0.004373659 0.975636959 110.996536255
0.975770056 0.040715758 0.214977339 61.063774109 -0.039032578 0.999164999 -0.012070795 -3.273176193 -0.215289310 0.003387198 0.976544499 111.755805969
0.976722360 0.036739338 0.211337939 61.238021851 -0.035334993 0.999321222 -0.010418939 -3.281914234 -0.211577281 0.002708783 0.977357507 112.536621094
0.977105319 0.035412956 0.209787995 61.401367188 -0.034647521 0.999372661 -0.007323897 -3.297478676 -0.209915772 -0.000112415 0.977719486 113.319168091
0.977415740 0.032398216 0.208826825 61.567192078 -0.032080457 0.999473214 -0.004909323 -3.312408686 -0.208875820 -0.001900810 0.977940500 114.117156982
0.977605641 0.027726015 0.208610892 61.735702515 -0.027560400 0.999613285 -0.003701094 -3.322790861 -0.208632827 -0.002131189 0.977991819 114.910598755
0.977721334 0.028060449 0.208022907 61.905883789 -0.028257607 0.999598622 -0.002024379 -3.333270550 -0.207996190 -0.003898952 0.978121996 115.723693848
0.977542758 0.033443093 0.208066598 62.076938629 -0.033366699 0.999435663 -0.003877817 -3.348165751 -0.208078891 -0.003151763 0.978106976 116.553825378
0.977222562 0.039327197 0.208541423 62.241867065 -0.038658246 0.999225914 -0.007284166 -3.358578205 -0.208666474 -0.000943594 0.977986395 117.372291565
0.976609290 0.048217870 0.209545627 62.404155731 -0.047407318 0.998836040 -0.008892169 -3.367812872 -0.209730461 -0.001249821 0.977758408 118.194541931
0.975645602 0.054300815 0.212525904 62.573379517 -0.053800501 0.998518407 -0.008140884 -3.387187958 -0.212653115 -0.003491384 0.977121532 119.031005859
0.974891067 0.056623232 0.215362906 62.743385315 -0.056649689 0.998375773 -0.006054797 -3.405552387 -0.215355933 -0.006297475 0.976515353 119.864715576
0.974304676 0.057268202 0.217831746 62.923301697 -0.057174087 0.998341441 -0.006740253 -3.427060843 -0.217856482 -0.005887270 0.975963056 120.693832397
0.973947823 0.055612590 0.219846785 63.104618073 -0.054834198 0.998448908 -0.009646134 -3.436679125 -0.220042244 -0.002660293 0.975486755 121.524208069
0.973965883 0.049687799 0.221181989 63.302612305 -0.049035788 0.998761356 -0.008441294 -3.452515602 -0.221327469 -0.002624302 0.975196064 122.362915039
0.974276423 0.043012194 0.221212819 63.503295898 -0.041858885 0.999074459 -0.009901107 -3.473865032 -0.221433967 0.000386694 0.975175261 123.195594788
0.974042058 0.042227302 0.222393602 63.686286926 -0.041128278 0.999108076 -0.009572955 -3.498398781 -0.222599477 0.000177795 0.974909961 124.018943787
0.973452508 0.044774372 0.224467158 63.872520447 -0.044352610 0.998991966 -0.006923432 -3.510901928 -0.224550873 -0.003216070 0.974457085 124.865303040
0.972983003 0.046796996 0.226084113 64.055061340 -0.047787465 0.998857021 -0.001093006 -3.525158167 -0.225876793 -0.009740509 0.974107206 125.708694458
0.972622931 0.050573178 0.226819038 64.244140625 -0.052685317 0.998605847 0.003263741 -3.544988871 -0.226337731 -0.015124421 0.973931491 126.546844482
0.972492695 0.049404275 0.227633625 64.431114197 -0.049932148 0.998746634 -0.003442849 -3.555132866 -0.227518409 -0.008018088 0.973740757 127.350181580
0.972824514 0.044980545 0.227132469 64.627304077 -0.041999865 0.998956561 -0.017941527 -3.571317673 -0.227702513 0.007914423 0.973698497 128.159133911
