1.000000000 0.000000000 0.000000000 0.000000000 0.000000000 1.000000000 0.000000000 0.000000000 0.000000000 0.000000000 1.000000000 0.000000000
0.999040961 -0.000497633 0.043785494 0.045184318 0.000601627 0.999997020 -0.002361940 -0.020331211 -0.043784190 0.002386017 0.999038279 1.026664734
0.996027827 -0.004439741 0.088931963 0.137566328 0.005122636 0.999959111 -0.007452084 -0.037670545 -0.088895254 0.007878049 0.996009827 2.049314022
0.990878046 -0.003853862 0.134706870 0.269568115 0.005479130 0.999916553 -0.011696571 -0.058199629 -0.134650558 0.012327952 0.990816414 3.058102608
0.983511925 -0.000883634 0.180841625 0.447322309 0.003395247 0.999902010 -0.013579383 -0.091414511 -0.180811927 0.013969486 0.983418465 4.089205742
0.973980129 -0.003403972 0.226607874 0.682563305 0.006662244 0.999885082 -0.013615204 -0.121850848 -0.226535514 0.014770655 0.973890841 5.088400364
0.962315500 -0.003718325 0.271909744 0.956660271 0.008073981 0.999856353 -0.014901734 -0.153176680 -0.271815240 0.016535569 0.962207377 6.086218357
0.948756576 -0.006515790 0.315940648 1.280675411 0.012676577 0.999767423 -0.017448558 -0.186927021 -0.315753549 0.020559479 0.948618472 7.067759037
0.933555961 -0.008293972 0.358335763 1.653332710 0.016316218 0.999679267 -0.019369517 -0.218082756 -0.358060151 0.023929216 0.933391809 8.020790100
0.916203380 -0.008275120 0.400628030 2.063011408 0.017863747 0.999636292 -0.020205067 -0.249600574 -0.400315106 0.025668671 0.916017950 8.958466530
0.896637738 -0.008884193 0.442675680 2.512460709 0.019167723 0.999640346 -0.018762071 -0.287517399 -0.442349643 0.025307868 0.896485507 9.862709045
0.874800205 -0.008509541 0.484409064 3.002595901 0.019589914 0.999649346 -0.017816974 -0.323387444 -0.484087646 0.025075825 0.874660134 10.745254517
0.850762606 -0.008631796 0.525479257 3.535861731 0.020429553 0.999652565 -0.016655084 -0.355466902 -0.525152981 0.024904832 0.850643277 11.617030144
0.825277925 -0.008912261 0.564656496 4.110855579 0.022285789 0.999610543 -0.016794596 -0.393986613 -0.564286888 0.026444027 0.825155139 12.443412781
0.797799885 -0.010419608 0.602832377 4.715030670 0.025419308 0.999542892 -0.016363878 -0.427711219 -0.602386355 0.028378684 0.797699988 13.247084618
0.769066632 -0.009467828 0.639098465 5.364342213 0.026168266 0.999518335 -0.016682673 -0.466107190 -0.638632715 0.029554188 0.768943965 14.028908730
0.738369882 -0.012575838 0.674278677 6.041254997 0.030894646 0.999407172 -0.015191492 -0.500153661 -0.673687816 0.032048538 0.738320708 14.764232635
0.706355572 -0.011932828 0.707756579 6.771070957 0.031488121 0.999397814 -0.014575871 -0.532323360 -0.707156479 0.032581672 0.706305981 15.484771729
0.672185779 -0.010465926 0.740308464 7.527169704 0.032402929 0.999357879 -0.015293062 -0.566443443 -0.739673078 0.034267943 0.672093332 16.168254852
0.636405766 -0.011457721 0.771269321 8.301837921 0.036975801 0.999193370 -0.015666561 -0.591654062 -0.770467579 0.038488593 0.636316121 16.812669754
0.599624395 -0.009886330 0.800220490 9.091754913 0.037268151 0.999183774 -0.015581501 -0.622169256 -0.799413264 0.039165787 0.599503517 17.400171280
0.561648786 -0.008274920 0.827334344 9.929634094 0.039866079 0.999059200 -0.017071214 -0.651353121 -0.826414645 0.042570598 0.561450303 17.983295441
0.522470355 -0.006612501 0.852631807 10.776668549 0.044640910 0.998810649 -0.019608606 -0.676786542 -0.851487994 0.048307177 0.522144139 18.505905151
0.483792245 -0.005178812 0.875167549 11.675734520 0.045719929 0.998766541 -0.019363746 -0.705112219 -0.873987794 0.049380619 0.483432353 18.998826981
0.445045024 -0.007158828 0.895479620 12.576927185 0.051114779 0.998540819 -0.017420830 -0.734454513 -0.894048214 0.053525291 0.444761574 19.441841125
0.408277810 -0.007551619 0.912826478 13.552124023 0.054869708 0.998360753 -0.016282221 -0.760848880 -0.911207139 0.056734197 0.408022851 19.870553970
0.372853130 -0.005089820 0.927876413 14.495567322 0.056377895 0.998261690 -0.017178694 -0.790684760 -0.926175952 0.058716852 0.372491986 20.250316620
0.339428425 -0.005899049 0.940613389 15.469487190 0.057188544 0.998259902 -0.014376404 -0.812869787 -0.938891768 0.058672071 0.339175254 20.598997116
0.305950820 -0.007536737 0.952017486 16.473060608 0.059714179 0.998151660 -0.011288445 -0.838307977 -0.950172782 0.060302652 0.305835396 20.917831421
0.273217857 -0.007420736 0.961923540 17.488845825 0.060365792 0.998131633 -0.009445807 -0.860520840 -0.960056245 0.060648043 0.273155332 21.201663971
0.240786552 -0.004502609 0.970567644 18.513944626 0.057936963 0.998272717 -0.009742352 -0.882670760 -0.968847334 0.058577571 0.240631506 21.461544037
0.209945336 -0.002750051 0.977709174 19.567380905 0.057808541 0.998281598 -0.009605416 -0.897571921 -0.976002753 0.058536552 0.209743530 21.684856415
0.179305583 -0.002633310 0.983790040 20.617927551 0.059804883 0.998176157 -0.008228225 -0.919958949 -0.981973946 0.060310815 0.179136097 21.876489639
0.148780331 -0.002650001 0.988866627 21.713981628 0.061678696 0.998074174 -0.006605220 -0.933017612 -0.986944795 0.061974738 0.148657292 22.033494949
0.118278727 -0.003463912 0.992974401 22.816642761 0.060225647 0.998177946 -0.003691750 -0.951809108 -0.991152346 0.060239173 0.118271850 22.166463852
0.089019783 -0.003772270 0.996022701 23.935367584 0.060912952 0.998141706 -0.001663813 -0.965988040 -0.994165540 0.060818788 0.089084134 22.263547897
0.061826546 -0.003472452 0.998080850 25.080980301 0.063764364 0.997964859 -0.000477862 -0.972795546 -0.996047974 0.063671522 0.061922140 22.324844360
0.036808364 -0.002903902 0.999318123 26.231571198 0.067902207 0.997691929 0.000398103 -0.982640922 -0.997012734 0.067841254 0.036920581 22.356830597
0.013875740 -0.002441309 0.999900758 27.428659439 0.072191134 0.997389734 0.001433374 -0.987538040 -0.997294307 0.072164074 0.014015760 22.368160248
-0.006476845 -0.002521190 0.999975860 28.620784760 0.077779710 0.996966124 0.003017380 -0.988386095 -0.996949553 0.077797368 -0.006261097 22.356098175
-0.024035815 -0.003131422 0.999706209 29.843088150 0.082268268 0.996597171 0.005099649 -0.991573274 -0.996320307 0.082366668 -0.023696410 22.308378220
-0.039605238 -0.003076539 0.999210775 31.065114975 0.085308969 0.996333599 0.006449034 -0.994932353 -0.995567024 0.085497044 -0.039197590 22.250640869
-0.054391038 -0.003695490 0.998512864 32.305942535 0.087506101 0.996128261 0.008453302 -0.994579554 -0.994677961 0.087835759 -0.053857066 22.190742493
-0.067391708 -0.004668486 0.997715652 33.551830292 0.087709159 0.996089876 0.010585281 -0.992104769 -0.993863881 0.088222146 -0.066718727 22.093530655
-0.079568423 -0.004674688 0.996818423 34.798179626 0.087518372 0.996094704 0.011657219 -0.995797753 -0.992980063 0.088167474 -0.078848563 21.990791321
-0.090815283 -0.001991858 0.995865762 36.049678802 0.087481759 0.996116221 0.009970022 -0.995281696 -0.992017925 0.088025540 -0.090288341 21.881370544
-0.100945584 0.001605406 0.994890630 37.329090118 0.087973438 0.996095955 0.007318787 -0.985104322 -0.990994751 0.088262744 -0.100692727 21.746135712
-0.110567957 0.004028623 0.993860424 38.638393402 0.088988081 0.996015549 0.005862653 -0.983448327 -0.989876688 0.089089938 -0.110485896 21.601375580
-0.118200012 0.005221378 0.992976069 39.959632874 0.088910349 0.996025264 0.005346127 -0.976976097 -0.989001393 0.088917762 -0.118194409 21.452074051
-0.123945341 0.005884680 0.992271602 41.300067902 0.088710584 0.996043980 0.005173851 -0.975138426 -0.988315701 0.088666283 -0.123977065 21.286870956
-0.129262313 0.007545513 0.991581738 42.660846710 0.089804612 0.995950878 0.004128143 -0.971834004 -0.987535655 0.089582220 -0.129416510 21.124612808
-0.133649647 0.008875327 0.990988910 44.012489319 0.088656992 0.996057570 0.003035993 -0.971509099 -0.987055123 0.088263854 -0.133909568 20.940704346
-0.138075024 0.009602585 0.990375340 45.446674347 0.089152373 0.996014118 0.002772083 -0.977742612 -0.986401081 0.088677064 -0.138380751 20.747997284
-0.140762374 0.008655271 0.990005612 46.859561920 0.088755131 0.996045768 0.003911431 -0.969142973 -0.986056983 0.088418677 -0.140973955 20.541744232
-0.143546060 0.006715047 0.989620864 48.321243286 0.089803360 0.995939791 0.006268195 -0.975016534 -0.985560656 0.089771062 -0.143566251 20.333793640
-0.145463809 0.005706321 0.989347100 49.750019073 0.089564435 0.995953321 0.007424240 -0.965850711 -0.985301197 0.089690275 -0.145386219 20.127878189
-0.148166806 0.006222566 0.988942742 51.242794037 0.092239030 0.995708168 0.007554433 -0.967341185 -0.984651506 0.092338435 -0.148104861 19.902309418
-0.149370447 0.006000544 0.988763094 52.719566345 0.091629542 0.995762587 0.007799262 -0.958594680 -0.984526634 0.091764875 -0.149287313 19.685583115
-0.150053710 0.007334702 0.988650739 54.214691162 0.093780234 0.995569348 0.006847586 -0.953067660 -0.984220028 0.093743391 -0.150076747 19.459257126
-0.150086090 0.007488096 0.988644600 55.729991913 0.093256429 0.995620072 0.006616322 -0.945610762 -0.984264910 0.093190469 -0.150127053 19.226165771
-0.149564564 0.009023355 0.988710761 57.266361237 0.092990920 0.995654523 0.004980228 -0.938754797 -0.984369338 0.092685983 -0.149753764 18.995098114
-0.148418367 0.009319439 0.988880694 58.812004089 0.093552358 0.995603502 0.004658214 -0.926874578 -0.984489679 0.093203492 -0.148637667 18.762783051
-0.147052184 0.007706681 0.989098728 60.415664673 0.092922568 0.995654941 0.006057302 -0.934527755 -0.984754324 0.092800319 -0.147129357 18.519889832
-0.145676941 0.008512349 0.989295602 61.994812012 0.093879484 0.995569706 0.005257719 -0.928146958 -0.984867930 0.093640499 -0.145830646 18.286708832
-0.145171717 0.009089194 0.989364743 63.645736694 0.093472734 0.995611370 0.004568887 -0.925318837 -0.984981239 0.093141899 -0.145384237 18.052333832
-0.144199148 0.009597010 0.989502132 65.282501221 0.094426468 0.995523393 0.004105266 -0.923788190 -0.985033095 0.094027169 -0.144459829 17.810985565
-0.142894015 0.009331477 0.989693999 66.922218323 0.093890876 0.995573819 0.004169237 -0.920167327 -0.985274434 0.093518987 -0.143137649 17.571830750
-0.142211080 0.008097801 0.989803374 68.605567932 0.095771492 0.995387495 0.005616586 -0.913607359 -0.985192299 0.095593676 -0.142330647 17.328556061
-0.141253382 0.006110266 0.989954650 70.263931274 0.097286530 0.995226264 0.007738690 -0.909758568 -0.985181510 0.097402349 -0.141173527 17.089475632
-0.140991405 0.006921737 0.989986598 72.017135620 0.098508567 0.995110989 0.007071773 -0.910976171 -0.985097706 0.098519221 -0.140983924 16.830421448
-0.140041709 0.009400287 0.990100920 73.709426880 0.100641310 0.994911134 0.004788941 -0.899454236 -0.985017598 0.100315727 -0.140275165 16.589767456
-0.139720187 0.008300452 0.990156233 75.432022095 0.099784866 0.994992495 0.005739571 -0.918400049 -0.985150397 0.099604554 -0.139848769 16.343837738
-0.139418498 0.008541884 0.990196764 77.148841858 0.100403324 0.994931340 0.005553939 -0.911640048 -0.985130310 0.100193359 -0.139569476 16.103172302
-0.139609843 0.007038922 0.990181506 78.872871399 0.100332566 0.994928837 0.007073638 -0.920780838 -0.985110402 0.100334987 -0.139608085 15.873719215
-0.139563516 0.007262487 0.990186512 80.620925903 0.101732470 0.994786859 0.007042622 -0.916341782 -0.984973371 0.101716980 -0.139574781 15.629373550
-0.139667690 0.006984057 0.990173817 82.387550354 0.102693066 0.994684994 0.007469363 -0.910400152 -0.984858930 0.102727212 -0.139642611 15.384586334
-0.139782801 0.008150563 0.990148664 84.166595459 0.103113055 0.994649231 0.006369227 -0.903028190 -0.984798670 0.102987558 -0.139875293 15.134530067
-0.140571475 0.009054979 0.990029097 85.968620300 0.102629021 0.994704664 0.005474269 -0.898205519 -0.984736979 0.102375261 -0.140756398 14.883594513
-0.141659245 0.009743717 0.989867508 87.765655518 0.101857856 0.994787455 0.004784660 -0.902103782 -0.984661281 0.101503558 -0.141913325 14.630031586
-0.143083379 0.010141974 0.989658654 89.570106506 0.100984238 0.994878232 0.004404691 -0.905061781 -0.984545231 0.100570187 -0.143374756 14.378295898
-0.144247413 0.009199151 0.989498913 91.390846252 0.099893183 0.994983971 0.005312106 -0.909017801 -0.984486699 0.099610455 -0.144442797 14.123922348
-0.145302400 0.008860467 0.989347637 93.236755371 0.099997282 0.994970918 0.005775463 -0.909893632 -0.984320939 0.099771254 -0.145457715 13.858046532
-0.145681158 0.007794651 0.989300907 95.089958191 0.097506173 0.995213568 0.006517200 -0.907594800 -0.984514892 0.097412407 -0.145743877 13.585597038
-0.147484347 0.008567252 0.989027202 96.933441162 0.097168289 0.995250642 0.005868633 -0.908326685 -0.984279811 0.096967623 -0.147616342 13.319458961
-0.149782866 0.009466926 0.988673568 98.824935913 0.096537434 0.995316327 0.005094773 -0.903812051 -0.983994722 0.096207120 -0.149995238 13.026049614
-0.153988853 0.010469146 0.988017142 100.716651917 0.096868783 0.995286703 0.004551454 -0.900477111 -0.983312726 0.096408896 -0.154277205 12.733350754
-0.158372253 0.009331062 0.987335324 102.615394592 0.094796501 0.995479763 0.005797679 -0.902704358 -0.982818246 0.094514124 -0.158540890 12.433826447
-0.163383067 0.008707901 0.986524284 104.530639648 0.093246296 0.995620787 0.006654774 -0.900628984 -0.982146144 0.093077004 -0.163479537 12.125524521
-0.167860553 0.009384877 0.985765934 106.438041687 0.092053719 0.995734692 0.006195528 -0.904311955 -0.981503367 0.091783434 -0.168008476 11.808506012
-0.172271445 0.011301514 0.984984696 108.366836548 0.092637375 0.995688438 0.004777724 -0.902708352 -0.980683804 0.092069447 -0.172575623 11.466470718
-0.177112266 0.012856500 0.984106600 110.302963257 0.092471942 0.995708585 0.003634352 -0.913058162 -0.979836822 0.091645949 -0.177541107 11.128213882
-0.181736693 0.013107732 0.983259857 112.237312317 0.091189899 0.995827079 0.003579439 -0.915233970 -0.979109883 0.090313882 -0.182173640 10.773513794
-0.186636478 0.012861011 0.982344806 114.174980164 0.089066729 0.996018052 0.003881834 -0.918304861 -0.978383362 0.088218741 -0.187038779 10.418159485
-0.192136928 0.012333529 0.981290638 116.142303467 0.087489419 0.996154785 0.004610098 -0.925263107 -0.977460444 0.086738326 -0.192477182 10.046075821
-0.197180301 0.011719983 0.980297208 118.086112976 0.086398788 0.996245623 0.005467887 -0.925732076 -0.976552665 0.085774653 -0.197452590 9.659950256
-0.203145757 0.011514295 0.979080737 120.061584473 0.086780846 0.996207595 0.006290114 -0.923897207 -0.975295305 0.086243272 -0.203374520 9.260606766
-0.208420917 0.013503788 0.977946043 122.035583496 0.087385014 0.996162713 0.004868261 -0.917093158 -0.974127591 0.086472481 -0.208801195 8.844671249
-0.214524060 0.014195621 0.976615548 123.993499756 0.086284116 0.996260464 0.004472064 -0.924120665 -0.972900033 0.085225783 -0.214946732 8.435033798
-0.220567718 0.014198682 0.975268304 125.968032837 0.087114200 0.996184766 0.005198640 -0.925734401 -0.971473634 0.086106367 -0.220963106 8.001953125
-0.226104289 0.014079705 0.974001348 127.950164795 0.085937873 0.996285081 0.005547753 -0.926780343 -0.970304847 0.084957980 -0.226474300 7.552812576
-0.231435448 0.014703536 0.972739100 129.932617188 0.085059054 0.996362448 0.005176753 -0.929124475 -0.969124675 0.083938353 -0.231844276 7.091005325
-0.236848801 0.015394432 0.971424460 131.925064087 0.084369287 0.996423066 0.004779983 -0.931286573 -0.967876256 0.083090499 -0.237300441 6.623468399
-0.241196200 0.014524888 0.970367610 133.912658691 0.085732415 0.996297777 0.006396769 -0.939546227 -0.966682136 0.084734835 -0.241548479 6.135641098
-0.244948179 0.014637628 0.969425797 135.917831421 0.088043436 0.996090531 0.007206000 -0.933412790 -0.965530276 0.087116666 -0.245279372 5.626745224
-0.248556748 0.015467326 0.968493819 137.931625366 0.089253582 0.995984316 0.006999908 -0.931220472 -0.964496553 0.088181414 -0.248939142 5.112468719
-0.251537383 0.016128715 0.967713177 139.935882568 0.089815803 0.995935559 0.006746707 -0.932813406 -0.963671148 0.088612996 -0.251963615 4.593193054
-0.254790008 0.015905401 0.966865599 141.955352783 0.088902421 0.996015429 0.007042788 -0.935483515 -0.962901056 0.087751135 -0.255188823 4.066368103
-0.258590907 0.016300382 0.965849519 143.979187012 0.087581016 0.996135235 0.006636925 -0.942475557 -0.962008417 0.086306304 -0.259019196 3.524688721
-0.262929738 0.017018389 0.964664876 145.999343872 0.086518206 0.996232092 0.006006176 -0.943673015 -0.960927963 0.085040271 -0.263411522 2.980846405
-0.267433286 0.016369158 0.963437319 148.038299561 0.085483655 0.996316314 0.006800971 -0.949951589 -0.959777057 0.084176958 -0.267847389 2.427566528
-0.272144258 0.016703038 0.962111473 150.062393188 0.085670136 0.996299326 0.006936209 -0.955184400 -0.958435357 0.084311865 -0.272568077 1.867717743
-0.276791453 0.017051131 0.960778654 152.092819214 0.084865339 0.996369481 0.006766162 -0.956769943 -0.957175195 0.083409645 -0.277233630 1.296539307
-0.281400681 0.016875979 0.959441900 154.128860474 0.084349051 0.996410131 0.007213036 -0.962871075 -0.955875933 0.082957782 -0.281813979 0.713405609
-0.285527229 0.016317097 0.958231688 156.160995483 0.084227689 0.996413350 0.008130324 -0.964300036 -0.954662204 0.083031088 -0.285877496 0.114089966
-0.289843023 0.016251113 0.956936121 158.206390381 0.084734328 0.996365190 0.008744171 -0.967553973 -0.953315854 0.083619788 -0.290166497 -0.493572235
-0.293729931 0.016957356 0.955737948 160.252380371 0.085706361 0.996282756 0.008663678 -0.968781710 -0.952038407 0.084457606 -0.294091463 -1.117855072
-0.297258407 0.018126687 0.954624951 162.295394897 0.086217463 0.996244788 0.007930073 -0.966777325 -0.950896442 0.084662624 -0.297704935 -1.751422882
-0.300886422 0.019660933 0.953457296 164.355346680 0.086116903 0.996262908 0.006632654 -0.968020916 -0.949763715 0.084104463 -0.301455170 -2.393386841
-0.304262549 0.020801226 0.952361047 166.413955688 0.086848475 0.996203542 0.005987726 -0.970437527 -0.948620915 0.084532954 -0.304913968 -3.039512634
-0.307629943 0.021324521 0.951267064 168.472702026 0.086224921 0.996260166 0.005551122 -0.973289251 -0.947591186 0.083730616 -0.308318257 -3.695293427
-0.311127603 0.021183657 0.950132132 170.544342041 0.086406276 0.996241391 0.006082664 -0.982201874 -0.946432054 0.083989844 -0.311788619 -4.365356445
-0.315111399 0.021530934 0.948810339 172.616409302 0.086176112 0.996261775 0.006012406 -0.980271399 -0.945134044 0.083659381 -0.315788895 -5.044467926
-0.318823129 0.022438567 0.947548509 174.696517944 0.088534236 0.996053815 0.006202043 -0.984488964 -0.943670154 0.085867837 -0.319551528 -5.742389679
-0.321945161 0.022607025 0.946488321 176.783950806 0.090626225 0.995860040 0.007039957 -0.988246202 -0.942410767 0.088043131 -0.322661042 -6.448333740
-0.324434996 0.022169078 0.945648193 178.864959717 0.091368802 0.995784938 0.008002559 -0.988853574 -0.941484809 0.088999048 -0.325093031 -7.165733337
-0.327306896 0.021634802 0.944670320 180.946243286 0.091042779 0.995808661 0.008738294 -0.989114046 -0.940521896 0.088865519 -0.327904701 -7.878814697
-0.330328196 0.022159426 0.943605959 183.050888062 0.090034902 0.995905399 0.008130909 -0.984931231 -0.939562082 0.087643348 -0.330970734 -8.602085114
-0.332903534 0.023991091 0.942655623 185.137359619 0.089253515 0.995989799 0.006171848 -0.987491846 -0.938727319 0.086189970 -0.333709776 -9.337120056
-0.336079657 0.025800999 0.941480100 187.245788574 0.088751443 0.996044099 0.004385238 -0.989681959 -0.937642753 0.085031494 -0.337040037 -10.084117889
-0.339361578 0.026661709 0.940278232 189.342742920 0.087907247 0.996122599 0.003481962 -1.003194809 -0.936539412 0.083838888 -0.340389460 -10.824054718
-0.342763215 0.027474081 0.939019978 191.459793091 0.086257800 0.996270061 0.002336906 -1.011047244 -0.935453296 0.081798814 -0.343854576 -11.583618164
-0.346425563 0.027803889 0.937665462 193.570495605 0.087111123 0.996195078 0.002644254 -1.024648786 -0.934024096 0.082597129 -0.347529501 -12.356109619
-0.350308180 0.026680915 0.936254323 195.696319580 0.086338922 0.996258140 0.003913632 -1.034495115 -0.932646632 0.082206190 -0.351300955 -13.132598877
-0.353688836 0.026071901 0.934999704 197.823532104 0.086207427 0.996265531 0.004830020 -1.040526867 -0.931382060 0.082312226 -0.354615569 -13.937747955
-0.357685536 0.025889408 0.933483124 199.968414307 0.085859269 0.996293485 0.005267560 -1.044132471 -0.929886580 0.082032308 -0.358582646 -14.751205444
-0.361578375 0.026107432 0.931976259 202.107849121 0.085010476 0.996367097 0.005070262 -1.049725533 -0.928458035 0.081061020 -0.362484276 -15.564620972
-0.365201801 0.026556902 0.930549443 204.237274170 0.084208228 0.996437490 0.004610930 -1.062029004 -0.927111983 0.080043845 -0.366137028 -16.394237518
-0.368605793 0.027179994 0.929188251 206.380767822 0.084169567 0.996442378 0.004242510 -1.071827173 -0.925767362 0.079773188 -0.369582206 -17.229328156
-0.371203244 0.027739150 0.928137183 208.498275757 0.084887072 0.996381760 0.004171334 -1.082421541 -0.924663365 0.080335252 -0.372214913 -18.079044342
-0.373798698 0.027605075 0.927098930 210.632888794 0.086057276 0.996277452 0.005032673 -1.092259049 -0.923508883 0.081664816 -0.374782890 -18.932453156
-0.376343489 0.027145557 0.926082432 212.770187378 0.087437727 0.996149838 0.006333766 -1.101503968 -0.922344923 0.083358228 -0.377268106 -19.798316956
-0.378823400 0.027760653 0.925052643 214.903060913 0.088551603 0.996051192 0.006371958 -1.107981563 -0.921222746 0.084328741 -0.379785866 -20.670272827
-0.381707937 0.028608555 0.923840165 217.055938721 0.088328533 0.996075392 0.005649699 -1.115360856 -0.920052707 0.083757974 -0.382736802 -21.548679352
-0.384160161 0.028812144 0.922816813 219.204528809 0.087820187 0.996121347 0.005457866 -1.124973774 -0.919080317 0.083138615 -0.385200381 -22.441162109
-0.387038797 0.029860187 0.921579778 221.344329834 0.087433986 0.996160388 0.004443247 -1.139201283 -0.917908609 0.082297102 -0.388163507 -23.334594727
-0.389848411 0.031144325 0.920352221 223.487533569 0.087328553 0.996174157 0.003281053 -1.148316026 -0.916728914 0.081652142 -0.391076684 -24.236621857
-0.392346621 0.031005615 0.919294715 225.630310059 0.084976628 0.996379375 0.002661754 -1.165715218 -0.915883780 0.079162896 -0.393560886 -25.143703461
-0.395440489 0.031926334 0.917936563 227.768234253 0.085610121 0.996326208 0.002227458 -1.179129362 -0.914493144 0.079465486 -0.396720976 -26.054668427
-0.397901952 0.031662777 0.916881382 229.900695801 0.087283172 0.996177495 0.003477430 -1.197158933 -0.913266480 0.081411973 -0.399144590 -26.976409912
-0.400708973 0.030637519 0.915692985 232.034667969 0.087617166 0.996141613 0.005012240 -1.213426113 -0.912006319 0.082238875 -0.401847243 -27.902153015
-0.403738409 0.030107198 0.914378941 234.155670166 0.086404890 0.996245742 0.005348780 -1.222998500 -0.910785079 0.081166320 -0.404824138 -28.830703735
-0.406557322 0.030413520 0.913118839 236.275451660 0.085264973 0.996346772 0.004777773 -1.234321713 -0.909637868 0.079799488 -0.407665282 -29.770244598
-0.410044879 0.029909769 0.911574721 238.427383423 0.083793662 0.996470571 0.004996792 -1.239292979 -0.908208013 0.078433082 -0.411103904 -30.729431152
-0.413671553 0.029404681 0.909951210 240.555969238 0.083009630 0.996533394 0.005534334 -1.248880744 -0.906634033 0.077824101 -0.414678335 -31.676719666
-0.417011410 0.029592367 0.908419371 242.674407959 0.082676612 0.996561229 0.005489190 -1.265142798 -0.905133128 0.077394091 -0.418024063 -32.642723083
-0.420871735 0.029259326 0.906648159 244.796829224 0.082198158 0.996598005 0.005994713 -1.277945876 -0.903388262 0.077047803 -0.421845019 -33.612937927
-0.424816877 0.028630985 0.904826522 246.930313110 0.081014112 0.996691763 0.006498381 -1.287695408 -0.901646912 0.076064326 -0.425731122 -34.598983765
-0.428705961 0.028676104 0.902988791 249.032012939 0.080254979 0.996753633 0.006448341 -1.292434096 -0.899872363 0.075233787 -0.429615587 -35.578720093
-0.432327360 0.029486673 0.901234508 251.135757446 0.080648758 0.996724010 0.006076768 -1.304956317 -0.898102939 0.075310588 -0.433289140 -36.578453064
-0.435874969 0.029817183 0.899513185 253.232269287 0.080829836 0.996708989 0.006128470 -1.319030881 -0.896370173 0.075378731 -0.436850667 -37.586654663
-0.439594358 0.029941143 0.897697210 255.356933594 0.080749594 0.996714473 0.006298654 -1.323852062 -0.894559264 0.075257532 -0.440567821 -38.610656738
-0.443212867 0.030175325 0.895908356 257.447143555 0.079686448 0.996802807 0.005847923 -1.335261583 -0.892867506 0.073983632 -0.444200397 -39.631896973
-0.446859300 0.030677414 0.894078016 259.563201904 0.080308482 0.996752501 0.005937752 -1.343319535 -0.890992224 0.074455388 -0.447871804 -40.675125122
-0.450304389 0.031108793 0.892333031 261.646911621 0.080642015 0.996725380 0.005946806 -1.347807050 -0.889225960 0.074637406 -0.451338500 -41.720565796
-0.453802824 0.032496106 0.890509427 263.750091553 0.081875898 0.996628165 0.005355326 -1.348456025 -0.887332857 0.075341515 -0.454933316 -42.774543762
-0.457167536 0.034800347 0.888699472 265.842437744 0.084345475 0.996426940 0.004370440 -1.357529521 -0.885372043 0.076955795 -0.458469391 -43.849014282
-0.460038662 0.035302430 0.887196779 267.941040039 0.085424714 0.996333897 0.004650225 -1.370151520 -0.883779883 0.077927820 -0.461367726 -44.926498413
-0.462789506 0.037581865 0.885671198 270.044067383 0.087424070 0.996165276 0.003411190 -1.374543667 -0.882146776 0.079007640 -0.464300483 -46.018379211
-0.465321243 0.040060002 0.884234905 272.141540527 0.089338899 0.995999455 0.001890375 -1.390527248 -0.880621791 0.079876199 -0.467038631 -47.109741211
-0.468154579 0.040790621 0.882704496 274.256286621 0.090249568 0.995917499 0.001842815 -1.396485209 -0.879025757 0.080526441 -0.469924718 -48.226631165
-0.471266210 0.041840971 0.880998015 276.374450684 0.090773597 0.995870769 0.001260300 -1.411262155 -0.877307415 0.080565296 -0.473118305 -49.342704773
-0.474767268 0.041828312 0.879116833 278.513977051 0.089685403 0.995969594 0.001046475 -1.413425207 -0.875529885 0.079340793 -0.476605207 -50.482429504
-0.478127390 0.043152295 0.877229750 280.639007568 0.090847857 0.995864570 0.000527809 -1.427207351 -0.873579323 0.079946809 -0.480070502 -51.633239746
-0.481365860 0.043380279 0.875445604 282.778503418 0.090072289 0.995935202 0.000175664 -1.439986348 -0.871879518 0.078937948 -0.483316630 -52.800796509
-0.484336555 0.043127622 0.873818040 284.936706543 0.088343956 0.996089935 -0.000195448 -1.449827790 -0.870409906 0.077101879 -0.486252874 -53.976638794
-0.486689448 0.043763433 0.872478127 287.077606201 0.089858599 0.995954514 0.000168308 -1.462944865 -0.868941188 0.078481577 -0.488653004 -55.171112061
-0.488952219 0.043780349 0.871211231 289.223388672 0.091593415 0.995795488 0.001364242 -1.480429173 -0.867488503 0.080464266 -0.490906507 -56.363021851
-0.491179675 0.044032577 0.869944513 291.373260498 0.092581645 0.995703340 0.001874635 -1.489083290 -0.866124213 0.081461690 -0.493145764 -57.567871094
-0.493027329 0.043446455 0.868928432 293.535980225 0.092072777 0.995749235 0.002454310 -1.497761965 -0.865128100 0.081214689 -0.494931877 -58.790649414
-0.495198399 0.042911284 0.867719471 295.700042725 0.091646321 0.995786905 0.003056989 -1.496832848 -0.863932550 0.081037104 -0.497044712 -60.020912170
-0.497878850 0.043372326 0.866161287 297.885742188 0.093196653 0.995640814 0.003714542 -1.497423291 -0.862224460 0.082572743 -0.499750674 -61.267684937
-0.500200689 0.043195866 0.864831448 300.060455322 0.093542092 0.995605707 0.004375153 -1.503600955 -0.860842109 0.083086595 -0.502043307 -62.506698608
-0.501829147 0.043910265 0.863851488 302.240234375 0.093044512 0.995656133 0.003441487 -1.510387421 -0.859947801 0.082103670 -0.503734827 -63.776588440
-0.504770756 0.046322353 0.862009704 304.440185547 0.092404492 0.995721400 0.000601999 -1.515960693 -0.858293593 0.079957426 -0.506891429 -65.036140442
-0.507954776 0.045458917 0.860183299 306.635955811 0.090849042 0.995864153 0.001018744 -1.528467298 -0.856579483 0.078664310 -0.509983957 -66.327026367
-0.512348831 0.043576285 0.857671082 308.846282959 0.088691071 0.996056378 0.002374269 -1.541922212 -0.854185164 0.077284209 -0.514193177 -67.633415222
-0.517198026 0.040920649 0.854886889 311.044708252 0.086123183 0.996274710 0.004415247 -1.550476074 -0.851521492 0.075909130 -0.518795609 -68.932380676
-0.521780670 0.039684609 0.852156103 313.258117676 0.084929787 0.996371210 0.005602401 -1.551472783 -0.848841488 0.075296663 -0.523257613 -70.269485474
-0.526362062 0.040028073 0.849317789 315.484191895 0.085706919 0.996301293 0.006161229 -1.556073546 -0.845929861 0.076035425 -0.527845919 -71.619636536
-0.530587018 0.041335348 0.846621990 317.710693359 0.088217624 0.996079028 0.006654502 -1.557769775 -0.843027353 0.078217760 -0.532153070 -72.997261047
-0.534214258 0.042254299 0.844292462 319.928009033 0.089185223 0.995993316 0.006584235 -1.556842566 -0.840631425 0.078815818 -0.535842240 -74.392677307
-0.538029432 0.042445131 0.841856718 322.155731201 0.090086810 0.995906711 0.007362248 -1.558658838 -0.838098288 0.079801299 -0.539650857 -75.799789429
-0.542107463 0.040878430 0.839314282 324.373291016 0.090010211 0.995894253 0.009632407 -1.558832645 -0.835474491 0.080768652 -0.543561220 -77.212104797
-0.545917153 0.038889311 0.836936176 326.586181641 0.088292554 0.996030390 0.011309669 -1.557109833 -0.833173990 0.080069371 -0.547183692 -78.644279480
-0.549868584 0.038592145 0.834359169 328.787567139 0.087440200 0.996102750 0.011552426 -1.553077698 -0.830661654 0.079308853 -0.551100135 -80.073059082
-0.553926349 0.038260378 0.831686080 330.992980957 0.087469764 0.996089578 0.012433823 -1.551301956 -0.827957988 0.079634823 -0.555106938 -81.525115967
-0.557524323 0.038560186 0.829264581 333.202148438 0.088580623 0.995980918 0.013241431 -1.539417267 -0.825421154 0.080839194 -0.558699310 -82.997558594
-0.562221229 0.037907232 0.826117635 335.408630371 0.088682652 0.995952070 0.014653452 -1.524632931 -0.822218120 0.081500776 -0.563307166 -84.468391418
-0.565656543 0.036954790 0.823812485 337.614257812 0.087395415 0.996055901 0.015327229 -1.512784004 -0.819996774 0.080667391 -0.566655159 -85.965240479
-0.569010735 0.036434535 0.821522534 339.808715820 0.087388687 0.996040046 0.016353581 -1.493179798 -0.817673504 0.081097126 -0.569941461 -87.470596313
-0.571817100 0.035814527 0.819598973 341.989654541 0.087955303 0.995964587 0.017843278 -1.478510857 -0.815652728 0.082291186 -0.572659552 -88.974609375
-0.574776769 0.034846801 0.817567945 344.192626953 0.085345387 0.996197045 0.017540149 -1.457612038 -0.813847542 0.079857327 -0.575564921 -90.507598877
-0.577919543 0.034359109 0.815370142 346.358245850 0.081938818 0.996507585 0.016084637 -1.433533669 -0.811969876 0.076106094 -0.578716516 -92.011390686
-0.581453621 0.033647191 0.812883496 348.509216309 0.078351319 0.996816158 0.014783909 -1.411714077 -0.809798002 0.072286651 -0.582238674 -93.501976013
-0.583769560 0.030641286 0.811340988 350.720397949 0.075841613 0.996976376 0.016916918 -1.403139591 -0.808369458 0.071408994 -0.584328353 -95.102012634
-0.587321401 0.030171474 0.808791220 352.906799316 0.076625399 0.996889174 0.018454861 -1.380970955 -0.805718362 0.072812885 -0.587806225 -96.659309387
-0.589858413 0.030632326 0.806925476 355.074890137 0.076334596 0.996920586 0.017955327 -1.358098507 -0.803890586 0.072187431 -0.590380311 -98.240409851
-0.592924356 0.029503848 0.804717481 357.249450684 0.074025303 0.997094154 0.017985551 -1.330065727 -0.801848471 0.070233531 -0.593385458 -99.817893982
-0.596404433 0.025564589 0.802276969 359.418701172 0.071670257 0.997196555 0.021503227 -1.314904690 -0.799477935 0.070324011 -0.596564591 -101.396682739
-0.599513352 0.023361862 0.800023735 361.585205078 0.069547020 0.997313678 0.022993401 -1.281894684 -0.797337413 0.069424115 -0.599527597 -102.993347168
-0.602844715 0.022263691 0.797547877 363.732788086 0.067902997 0.997415483 0.023483004 -1.247360229 -0.794963777 0.068312488 -0.602798462 -104.581962585
-0.605658054 0.022635506 0.795403183 365.876342773 0.067648657 0.997441173 0.023125850 -1.213940620 -0.792844236 0.067814305 -0.605639577 -106.183700562
-0.608552217 0.022051591 0.793207407 368.023437500 0.067572467 0.997422993 0.024113003 -1.183959007 -0.790631413 0.068273008 -0.608474076 -107.793418884
-0.610849261 0.021297166 0.791460395 370.144378662 0.067148305 0.997430027 0.024985524 -1.154759407 -0.788894355 0.068407625 -0.610709310 -109.418441772
-0.613693357 0.019802939 0.789296091 372.279632568 0.063976504 0.997645378 0.024712708 -1.122881889 -0.786948204 0.065662429 -0.613515258 -111.052459717
-0.616738975 0.016208984 0.787000835 374.422790527 0.054055739 0.998299897 0.021800300 -1.094197273 -0.785309494 0.055987008 -0.616566658 -112.686332703
-0.620383382 0.018985739 0.784068882 376.551910400 0.046715878 0.998826504 0.012777316 -1.073925018 -0.782906175 0.044555303 -0.620542288 -114.309471130
-0.623046100 0.029101595 0.781643510 378.654968262 0.056598205 0.998365462 0.007943860 -1.070846319 -0.780134737 0.049189020 -0.623674691 -115.965354919
-0.623747766 0.030429047 0.781033158 380.740264893 0.064397395 0.997845292 0.012552915 -1.070584774 -0.778968334 0.058126345 -0.624363363 -117.632263184
-0.625905871 0.021312337 0.779607356 382.849914551 0.063588068 0.997692943 0.023777319 -1.048987389 -0.777301967 0.064456090 -0.625817001 -119.313522339
-0.629047990 0.010826375 0.777291059 384.948028564 0.057499971 0.997811854 0.032635834 -0.989387512 -0.775237024 0.065223716 -0.628294051 -120.959083557
-0.632681906 0.004747571 0.774397194 387.047180176 0.051393233 0.998034120 0.035869617 -0.927921295 -0.772704542 0.062492836 -0.631682158 -122.624580383
-0.635077953 0.004246782 0.772436321 389.124969482 0.050223082 0.998096049 0.035804722 -0.863039017 -0.770813763 0.061532918 -0.634081960 -124.303291321
-0.637910008 0.009368104 0.770053923 391.191436768 0.055430662 0.997891009 0.033778727 -0.812238693 -0.768113434 0.064232387 -0.637083948 -125.986152649
-0.639907360 0.015885456 0.768287838 393.239379883 0.059932191 0.997772694 0.029287176 -0.759024620 -0.766111434 0.064786255 -0.639434159 -127.677902222
-0.642310679 0.018948473 0.766210139 395.299804688 0.061352603 0.997757435 0.026756963 -0.715152740 -0.763984859 0.064195268 -0.642032802 -129.386657715
-0.645357251 0.018889027 0.763647318 397.363433838 0.061038822 0.997772753 0.026903637 -0.668693542 -0.761438310 0.063974597 -0.645072877 -131.105865479
-0.647949696 0.018353010 0.761461973 399.407836914 0.062068678 0.997657061 0.028770154 -0.632622719 -0.759149969 0.065904558 -0.647570789 -132.838806152
-0.650433481 0.017615927 0.759358883 401.448028564 0.062435854 0.997587800 0.030337347 -0.578577995 -0.756992817 0.067143656 -0.649964273 -134.565948486
-0.652257681 0.018009400 0.757783413 403.493103027 0.063091315 0.997538567 0.030598082 -0.528423309 -0.755367219 0.067767382 -0.651788354 -136.308212280
-0.653839767 0.018198101 0.756414056 405.521575928 0.063481703 0.997505426 0.030874856 -0.482504845 -0.753965259 0.068205670 -0.653364003 -138.035964966
-0.654884636 0.018665370 0.755498350 407.548828125 0.064031191 0.997470737 0.030860269 -0.433814049 -0.753011405 0.068585366 -0.654423356 -139.784759521
-0.656068325 0.017998770 0.754486859 409.579162598 0.065035105 0.997345090 0.032759335 -0.377839088 -0.751894116 0.070560485 -0.655497074 -141.530029297
-0.657052934 0.017392693 0.753643751 411.597534180 0.066886827 0.997135758 0.035302229 -0.319306374 -0.750871181 0.073604278 -0.656334400 -143.282928467
-0.658184826 0.017255429 0.752658606 413.603363037 0.068682402 0.996944547 0.037205458 -0.251200676 -0.749716938 0.076182485 -0.657358944 -145.027206421
-0.659438968 0.017467141 0.751555204 415.601623535 0.067396060 0.997078001 0.035962094 -0.187638283 -0.748730838 0.074366666 -0.658689201 -146.771606445
-0.660982907 0.017324748 0.750200868 417.596496582 0.063383244 0.997449756 0.032810759 -0.130377769 -0.747719288 0.069237515 -0.660395265 -148.505844116
-0.662437439 0.016735464 0.748930216 419.585388184 0.060437430 0.997685373 0.031163504 -0.074402809 -0.746675134 0.065907292 -0.661915660 -150.243194580
-0.663507342 0.015962262 0.747999489 421.583038330 0.059769794 0.997707784 0.031727325 -0.017476082 -0.745778501 0.065759085 -0.662940562 -151.994659424
-0.664414048 0.014615371 0.747221708 423.584899902 0.057511657 0.997844040 0.031620741 0.033934593 -0.745148480 0.063983232 -0.663822114 -153.756134033
-0.665266693 0.013628875 0.746481419 425.585449219 0.054887954 0.998020589 0.030694967 0.086164474 -0.744585514 0.061393172 -0.664697886 -155.522689819
-0.666071832 0.013258576 0.745769620 427.577911377 0.054137111 0.998064280 0.030607698 0.140939713 -0.743920326 0.060760748 -0.665500462 -157.290512085
-0.666414022 0.011450483 0.745494008 429.573669434 0.054023754 0.997995317 0.032964259 0.194757462 -0.743622065 0.062242221 -0.665696740 -159.061706543
-0.666511476 0.010674615 0.745418310 431.538269043 0.057110362 0.997690260 0.036777675 0.251740456 -0.743304014 0.067083851 -0.665581644 -160.801101685
-0.665771961 0.009671400 0.746092677 433.512023926 0.061782978 0.997196853 0.042205323 0.325244904 -0.743592978 0.074194945 -0.664503098 -162.554046631
-0.664419293 0.008963062 0.747306406 435.494812012 0.065389112 0.996790588 0.046181168 0.410860062 -0.744493961 0.079549350 -0.662872851 -164.310928345
-0.663049400 0.006388413 0.748548388 437.483581543 0.059613943 0.997238278 0.044294000 0.497476578 -0.746198118 0.073993020 -0.661599100 -166.049194336
-0.662393510 0.005641585 0.749134839 439.476501465 0.052357856 0.997875094 0.038780607 0.577571869 -0.747324228 0.064911120 -0.661281347 -167.787414551
-0.660838366 0.003466288 0.750520229 441.475372314 0.047513224 0.998176694 0.037225641 0.642512321 -0.749022722 0.060259767 -0.659798205 -169.522583008
-0.658361912 0.003478948 0.752693415 443.455657959 0.046077300 0.998300135 0.035688508 0.704522133 -0.751289725 0.058178034 -0.657403171 -171.229125977
-0.655663252 0.003991418 0.755042791 445.452575684 0.047930758 0.998189211 0.036345277 0.768400192 -0.753530562 0.060020044 -0.654667199 -172.957336426
-0.652656913 0.004335583 0.757641196 447.432617188 0.049107764 0.998122931 0.036591314 0.838051796 -0.756060481 0.061087634 -0.651644766 -174.668670654
-0.650091350 0.005144213 0.759838641 449.430023193 0.046711784 0.998356342 0.033205964 0.899962425 -0.758418918 0.057080321 -0.649263084 -176.372970581
-0.648941696 0.000031333 0.760838091 451.439971924 0.039594248 0.998646379 0.033730011 0.954236984 -0.759807110 0.052013621 -0.648064554 -178.058441162
-0.648241103 -0.006274702 0.761409342 453.453338623 0.031086942 0.998914182 0.034698445 1.008743286 -0.760800421 0.046162844 -0.647342145 -179.743118286
-0.647422194 -0.009659073 0.762070298 455.467193604 0.024020707 0.999164402 0.033071145 1.064956665 -0.761752903 0.039716467 -0.646649122 -181.428970337
-0.646740198 -0.010457075 0.762638569 457.495452881 0.022018140 0.999233246 0.032373227 1.117854118 -0.762392461 0.037728950 -0.646014214 -183.118347168
-0.646004438 -0.009461983 0.763275027 459.521942139 0.025121350 0.999117911 0.033647306 1.180710793 -0.762920201 0.040910799 -0.645196974 -184.812438965
-0.644562960 -0.010549660 0.764478385 461.538574219 0.026759963 0.998980939 0.036348164 1.242000580 -0.764082670 0.043886095 -0.643623769 -186.499328613
-0.643315554 -0.012793682 0.765494227 463.528198242 0.024842283 0.998985052 0.037573252 1.311306000 -0.765198171 0.043188073 -0.642344654 -188.154022217
-0.642466187 -0.013033042 0.766203165 465.546600342 0.023005741 0.999076784 0.036284659 1.375457764 -0.765968621 0.040938739 -0.641573131 -189.830078125
-0.641571283 -0.012200361 0.766966343 467.560974121 0.021904543 0.999174356 0.034217425 1.435570717 -0.766750574 0.038752966 -0.640774369 -191.493591309
-0.640365124 -0.010857328 0.767993808 469.577087402 0.022599746 0.999200761 0.032969981 1.491546631 -0.767737985 0.038469292 -0.639608026 -193.169769287
-0.639361501 -0.010156088 0.768839180 471.588012695 0.024773791 0.999121547 0.033799753 1.547474861 -0.768507063 0.040657323 -0.638548255 -194.824783325
