1.000000000 0.000000000 0.000000000 0.000000000 0.000000000 1.000000000 0.000000000 0.000000000 0.000000000 0.000000000 1.000000000 0.000000000
0.999039352 -0.000542044 0.043818600 0.045439363 0.000645938 0.999997020 -0.002356882 -0.019932754 -0.043817200 0.002382922 0.999036729 1.025700331
0.996027112 -0.004630927 0.088929862 0.139771760 0.005309201 0.999958515 -0.007392036 -0.039161496 -0.088891946 0.007834814 0.996010482 2.050418139
0.990869999 -0.004077853 0.134759456 0.270701736 0.005689822 0.999916792 -0.011578845 -0.060043283 -0.134701028 0.012239886 0.990810692 3.060424805
0.983502746 -0.001001639 0.180890590 0.449563295 0.003514166 0.999901772 -0.013569809 -0.092148699 -0.180859223 0.013981623 0.983409584 4.098858833
0.973948777 -0.003655514 0.226738289 0.684932053 0.006912082 0.999884009 -0.013570378 -0.122399792 -0.226662412 0.014784086 0.973861098 5.105736732
0.962283731 -0.004046406 0.272017777 0.959984362 0.008402654 0.999854386 -0.014851677 -0.153659835 -0.271918088 0.016577199 0.962177634 6.106221676
0.948741436 -0.006813721 0.315979868 1.286110878 0.012991783 0.999763310 -0.017449636 -0.186894894 -0.315786242 0.020660337 0.948605418 7.088038921
0.933499813 -0.008416935 0.358479112 1.657688737 0.016416436 0.999679387 -0.019277280 -0.218801603 -0.358201981 0.023880290 0.933338702 8.045295715
0.916264057 -0.008134320 0.400492281 2.068742275 0.017684506 0.999640465 -0.020155899 -0.251102328 -0.400184333 0.025550634 0.916078448 8.982564926
0.896719515 -0.009198982 0.442503691 2.531278610 0.019449998 0.999637187 -0.018633850 -0.289092660 -0.442171723 0.025316032 0.896573067 9.901685715
0.874889433 -0.008873974 0.484241426 3.020387650 0.019927278 0.999644995 -0.017684029 -0.325710475 -0.483912587 0.025121180 0.874755681 10.782494545
0.850910962 -0.009056898 0.525231898 3.555920601 0.020891048 0.999643803 -0.016607421 -0.357891083 -0.524894416 0.025104079 0.850797057 11.652777672
0.825452864 -0.009618814 0.564389110 4.137965202 0.022840604 0.999605119 -0.016369605 -0.399397522 -0.564008772 0.026403332 0.825346589 12.497462273
0.798279166 -0.011247328 0.602182686 4.750834465 0.026169157 0.999529123 -0.016022144 -0.432319373 -0.601718903 0.028548758 0.798197567 13.295255661
0.769315958 -0.010184416 0.638787329 5.406814098 0.026787424 0.999507785 -0.016325608 -0.469756722 -0.638306677 0.029671019 0.769210100 14.097954750
0.738736093 -0.013444344 0.673860729 6.085011005 0.031712830 0.999386966 -0.014826961 -0.503000677 -0.673248231 0.032323238 0.738709688 14.832766533
0.706713617 -0.012486899 0.707389534 6.828263283 0.031942602 0.999387801 -0.014270798 -0.533338487 -0.706778288 0.032681230 0.706679821 15.563917160
0.672592938 -0.011292305 0.739926517 7.583043575 0.033062294 0.999343574 -0.014802238 -0.569938421 -0.739273667 0.034419544 0.672524929 16.248830795
0.636866808 -0.012578367 0.770871341 8.358404160 0.037714668 0.999178112 -0.014854859 -0.598035574 -0.770050943 0.038533714 0.636817753 16.888093948
0.600111127 -0.010563786 0.799846888 9.180589676 0.037641048 0.999178052 -0.015045015 -0.625596881 -0.799030542 0.039135758 0.600015521 17.515502930
0.562409163 -0.009575250 0.826803625 10.001688957 0.040653903 0.999043763 -0.016083669 -0.658065438 -0.825859070 0.042658400 0.562260747 18.065240860
0.523277700 -0.007568919 0.852128685 10.862533569 0.044998828 0.998810768 -0.018761210 -0.681569695 -0.850973248 0.048162114 0.522995949 18.599815369
0.484344035 -0.006131632 0.874856114 11.732327461 0.046315558 0.998752832 -0.018641556 -0.702296615 -0.873650789 0.049548373 0.484023988 19.082706451
0.445761383 -0.008395747 0.895112455 12.616519928 0.051513735 0.998539448 -0.016287737 -0.738493800 -0.893668354 0.053371027 0.445542902 19.513046265
0.408971101 -0.008982474 0.912503242 13.542274475 0.055450186 0.998348415 -0.015024479 -0.762460470 -0.910861075 0.056743048 0.408793718 19.910556793
0.373721153 -0.006480006 0.927518487 14.483343124 0.057146616 0.998236775 -0.016051777 -0.787109494 -0.925778985 0.059003439 0.373432487 20.285217285
0.340309352 -0.007342733 0.940284908 15.440746307 0.057539977 0.998258173 -0.013029506 -0.811097026 -0.938551486 0.058538035 0.340139061 20.627573013
0.306992024 -0.008771040 0.951671660 16.435962677 0.060289945 0.998128295 -0.010249239 -0.829141676 -0.949800491 0.060522676 0.306946248 20.940221786
0.274369359 -0.008686292 0.961585164 17.422061920 0.060797572 0.998115361 -0.008331108 -0.851174235 -0.959700465 0.060747847 0.274380416 21.217506409
0.242169067 -0.005915582 0.970216036 18.423524857 0.058236703 0.998267055 -0.008449456 -0.874441028 -0.968484700 0.058548380 0.242093936 21.468929291
0.211223766 -0.004234386 0.977428496 19.462285995 0.058165755 0.998272836 -0.008245021 -0.886283696 -0.975705504 0.058594409 0.211105242 21.693685532
0.181015372 -0.004243175 0.983471096 20.496351242 0.060068257 0.998171389 -0.006749423 -0.907862484 -0.981644154 0.060297150 0.180939257 21.879911423
0.150283501 -0.004300161 0.988633573 21.566873550 0.061662145 0.998084366 -0.005032075 -0.920026422 -0.986718059 0.061717503 0.150260717 22.036163330
0.119842224 -0.004960359 0.992780566 22.660654068 0.060073558 0.998191357 -0.002264309 -0.932021439 -0.990973771 0.059911229 0.119923465 22.166440964
0.090693392 -0.005321564 0.995864630 23.744184494 0.060779884 0.998151183 -0.000201441 -0.943839252 -0.994022369 0.060546808 0.090849161 22.259471893
0.063760430 -0.005012951 0.997952640 24.865375519 0.063649468 0.997971892 0.000946403 -0.948742986 -0.995933354 0.063458823 0.063950211 22.319938660
0.038735971 -0.004304796 0.999240160 25.989921570 0.067787737 0.997698486 0.001670333 -0.951837063 -0.996947527 0.067671537 0.038938627 22.351789474
0.016499957 -0.003796128 0.999856651 27.166498184 0.072244205 0.997383595 0.002594541 -0.954671383 -0.997250438 0.072191052 0.016731033 22.350605011
-0.003727135 -0.003923516 0.999985337 28.327316284 0.077889927 0.996953130 0.004201929 -0.955563903 -0.996954978 0.077904463 -0.003410177 22.343164444
-0.021078376 -0.004532459 0.999767542 29.518072128 0.082373776 0.996581852 0.006254726 -0.955835938 -0.996378601 0.082486473 -0.020632973 22.303171158
-0.036731292 -0.004370323 0.999315619 30.734191895 0.085375123 0.996320665 0.007495311 -0.953302085 -0.995671570 0.085591994 -0.036223032 22.249481201
-0.051102974 -0.005042473 0.998680651 31.932430267 0.087530091 0.996116519 0.009508485 -0.949707508 -0.994850218 0.087900504 -0.050463147 22.191696167
-0.063868046 -0.005805016 0.997941494 33.145195007 0.087959409 0.996058524 0.011423449 -0.941584229 -0.994074464 0.088507943 -0.063105710 22.093894958
-0.075849049 -0.005408257 0.997104645 34.338970184 0.087804571 0.996064425 0.012081848 -0.935835719 -0.993245840 0.088466741 -0.075075671 22.004201889
-0.087080859 -0.002790017 0.996197283 35.562698364 0.087750763 0.996087551 0.010460286 -0.935040116 -0.992328942 0.088327952 -0.086495325 21.900938034
-0.097144648 0.000458263 0.995270193 36.796321869 0.088104576 0.996077895 0.008140929 -0.929231226 -0.991362929 0.088478714 -0.096804023 21.780616760
-0.106495202 0.003378585 0.994307458 38.054180145 0.089650728 0.995953858 0.006217851 -0.920831025 -0.990263343 0.089802541 -0.106367201 21.648910522
-0.113759756 0.004395717 0.993498504 39.339771271 0.089414284 0.995977461 0.005831628 -0.914325595 -0.989476442 0.089496374 -0.113695197 21.505870819
-0.119364522 0.005023173 0.992837787 40.652179718 0.089131914 0.996003628 0.005676746 -0.910743356 -0.988841534 0.089171134 -0.119335227 21.346509933
-0.124417163 0.006753813 0.992206991 41.976226807 0.090537623 0.995882511 0.004574074 -0.904257059 -0.988090754 0.090401158 -0.124516338 21.184799194
-0.129087314 0.008252905 0.991598904 43.314750671 0.089453742 0.995985448 0.003355763 -0.903455913 -0.987590253 0.089135408 -0.129307330 21.017032623
-0.133553237 0.009214671 0.990998805 44.682815552 0.090172589 0.995921910 0.002891781 -0.897396624 -0.986930788 0.089747138 -0.133839533 20.847274780
-0.136910975 0.008219052 0.990549207 46.095928192 0.089563593 0.995972633 0.004115181 -0.896611929 -0.986526072 0.089280568 -0.137095720 20.665805817
-0.139217824 0.006246322 0.990242124 47.526851654 0.090205632 0.995902598 0.006399955 -0.892905593 -0.986144722 0.090216406 -0.139210850 20.458801270
-0.141578376 0.004786469 0.989915431 48.964115143 0.089674503 0.995938897 0.008009715 -0.891386271 -0.985857010 0.089904182 -0.141432613 20.249067307
-0.144777328 0.005480753 0.989449084 50.400859833 0.091798469 0.995746076 0.007916424 -0.884393096 -0.985196769 0.091976032 -0.144664571 20.069156647
-0.145754158 0.005573735 0.989305079 51.885730743 0.091707669 0.995754600 0.007901205 -0.872259617 -0.985061049 0.091878511 -0.145646542 19.823421478
-0.146252111 0.007300130 0.989220560 53.352985382 0.093654566 0.995583534 0.006499349 -0.856629312 -0.984804094 0.093595549 -0.146289870 19.606349945
-0.146417096 0.007414213 0.989195287 54.844070435 0.093214653 0.995625854 0.006334886 -0.850607872 -0.984821320 0.093135022 -0.146467775 19.387754440
-0.145810202 0.008852563 0.989272952 56.352775574 0.092913732 0.995662630 0.004784931 -0.845732808 -0.984939814 0.092614740 -0.146000311 19.167989731
-0.144721314 0.008724746 0.989434004 57.892921448 0.093322910 0.995624006 0.004870713 -0.840332925 -0.985061824 0.093041748 -0.144902229 18.944572449
-0.142984062 0.007465724 0.989696860 59.436042786 0.092826895 0.995664775 0.005900198 -0.843126655 -0.985362232 0.092714101 -0.143057212 18.718940735
-0.141701177 0.008075013 0.989876568 61.022373199 0.093412325 0.995613694 0.005250192 -0.837860942 -0.985492349 0.093210630 -0.141833916 18.490020752
-0.140757173 0.008701658 0.990005851 62.613037109 0.093388133 0.995619416 0.004526751 -0.834488511 -0.985629797 0.093091965 -0.140953228 18.270092010
-0.139687657 0.009341805 0.990151465 64.237655640 0.094506457 0.995516479 0.003940267 -0.832935810 -0.985675335 0.094126120 -0.139944211 18.034568787
-0.138728023 0.009036805 0.990289211 65.873748779 0.093758754 0.995586753 0.004049363 -0.829217136 -0.985882223 0.093410045 -0.138963059 17.804328918
-0.137553856 0.007885447 0.990462899 67.514015198 0.095907681 0.995375633 0.005394940 -0.820148945 -0.985840082 0.095735110 -0.137674034 17.573789597
-0.136641681 0.005582247 0.990604758 69.173851013 0.097241916 0.995230198 0.007805008 -0.819854379 -0.985836267 0.097394802 -0.136532754 17.342313766
-0.136563390 0.006894359 0.990607262 70.927612305 0.098718144 0.995092988 0.006683530 -0.811482430 -0.985700369 0.098703615 -0.136573866 17.106346130
-0.135653123 0.008913779 0.990716219 72.614372253 0.100760803 0.994898856 0.004845188 -0.806122541 -0.985619366 0.100482628 -0.135859311 16.870748520
-0.134368300 0.008237702 0.990897238 74.332092285 0.099640004 0.995009780 0.005239557 -0.811181545 -0.985909164 0.099437028 -0.134518564 16.632091522
-0.134208053 0.008400860 0.990917563 76.049804688 0.100442469 0.994929373 0.005168873 -0.807154536 -0.985849559 0.100223929 -0.134371370 16.401168823
-0.133916348 0.007556120 0.990963757 77.774192810 0.100182675 0.994951248 0.005951909 -0.801258326 -0.985915661 0.100074455 -0.133997232 16.166168213
-0.133748546 0.007506776 0.990986884 79.501380920 0.101663046 0.994799674 0.006185292 -0.802306890 -0.985786974 0.101574004 -0.133816183 15.940526962
-0.133439556 0.007653478 0.991027415 81.263404846 0.102830335 0.994679809 0.006164177 -0.790104687 -0.985707760 0.102730207 -0.133516610 15.702950478
-0.133552879 0.008386442 0.991006196 83.022674561 0.103106432 0.994655252 0.005477806 -0.793002725 -0.985663712 0.102910690 -0.133703753 15.465220451
-0.134099379 0.009296179 0.990924299 84.818984985 0.102925330 0.994678378 0.004597240 -0.793340087 -0.985608280 0.102607705 -0.134342566 15.224824905
-0.135081232 0.009992021 0.990784168 86.605972290 0.102251589 0.994750917 0.003908723 -0.798377812 -0.985544324 0.101837248 -0.135393873 14.987132072
-0.136761531 0.010437505 0.990548968 88.404182434 0.101233065 0.994856715 0.003493987 -0.802456856 -0.985417783 0.100754164 -0.137114719 14.759110451
-0.137379646 0.009534195 0.990472496 90.214645386 0.100247912 0.994953096 0.004327169 -0.808348238 -0.985432625 0.099887259 -0.137642056 14.510295868
-0.138517782 0.009368937 0.990315616 92.052154541 0.100399464 0.994936407 0.004630454 -0.807095647 -0.985257745 0.100068547 -0.138757020 14.266282082
-0.138887450 0.008369652 0.990272820 93.907432556 0.097939745 0.995178223 0.005325105 -0.807477593 -0.985453248 0.097726673 -0.139037430 14.010866165
-0.140810832 0.009009412 0.989995480 95.732818604 0.097636051 0.995210469 0.004830277 -0.812470675 -0.985210419 0.097339414 -0.141016036 13.766527176
-0.142996937 0.010022353 0.989672363 97.609497070 0.097191036 0.995257854 0.003964136 -0.809063554 -0.984939396 0.096754164 -0.143292889 13.486503601
-0.147484571 0.011127014 0.989001751 99.483474731 0.097493738 0.995230496 0.003341630 -0.803198099 -0.984247506 0.096914299 -0.147865981 13.217999458
-0.151813492 0.010177199 0.988356769 101.365905762 0.095440745 0.995425344 0.004409897 -0.805577695 -0.983790517 0.094998978 -0.152090326 12.932246208
-0.156921715 0.009551667 0.987564802 103.266815186 0.093898572 0.995567679 0.005291194 -0.806602240 -0.983137071 0.093561240 -0.157123119 12.646308899
-0.161464080 0.010249388 0.986825347 105.177192688 0.092815503 0.995671511 0.004845181 -0.815490246 -0.982504249 0.092375018 -0.161716491 12.344039917
-0.165652156 0.011839374 0.986113131 107.088363647 0.092996575 0.995659649 0.003668034 -0.816574097 -0.981789708 0.092312768 -0.166034207 12.016338348
-0.170512185 0.013528997 0.985262692 109.025337219 0.092722438 0.995689094 0.002374626 -0.828259945 -0.980983198 0.091760874 -0.171031564 11.691013336
-0.174992561 0.013861211 0.984472156 110.970291138 0.091813020 0.995773613 0.002299674 -0.835819483 -0.980279565 0.090789795 -0.175525576 11.348148346
-0.179416433 0.013442508 0.983681321 112.919883728 0.089829333 0.995953262 0.002774015 -0.845371604 -0.979663372 0.088861153 -0.179897919 10.986995697
-0.183862180 0.012966996 0.982866526 114.887924194 0.088139966 0.996102512 0.003346487 -0.848577619 -0.978992343 0.087245129 -0.184288472 10.614675522
-0.189683288 0.012373157 0.981767356 116.823806763 0.087038048 0.996195853 0.004261270 -0.848862767 -0.977979898 0.086259425 -0.190038607 10.267271042
-0.194661170 0.012039558 0.980796695 118.802772522 0.087692074 0.996134162 0.005176637 -0.857617795 -0.976942778 0.087015808 -0.194964409 9.872209549
-0.199893951 0.013418115 0.979725659 120.766052246 0.088207088 0.996092618 0.004354669 -0.865648568 -0.975839019 0.087289229 -0.200296491 9.480119705
-0.205370516 0.014357312 0.978578925 122.727142334 0.087889321 0.996122837 0.003830276 -0.873046994 -0.974729836 0.086793266 -0.205836132 9.078567505
-0.211088762 0.014640501 0.977357209 124.732360840 0.088521995 0.996065319 0.004198159 -0.870597303 -0.973450184 0.087403767 -0.211554244 8.659187317
-0.216789350 0.014525664 0.976110339 126.722595215 0.087327808 0.996169090 0.004570920 -0.873020887 -0.972304583 0.086232506 -0.217227384 8.228338242
-0.221909598 0.015141187 0.974949658 128.711441040 0.086569868 0.996236801 0.004232510 -0.876460135 -0.971216559 0.085340522 -0.222385287 7.780609131
-0.227551132 0.015698405 0.973639607 130.724639893 0.085666984 0.996315897 0.003957367 -0.882002413 -0.969990551 0.084309265 -0.228057653 7.334720612
-0.232171580 0.015040891 0.972558558 132.709365845 0.086845860 0.996207476 0.005325425 -0.885058165 -0.968790054 0.085699089 -0.232597277 6.868656158
-0.235461816 0.015347264 0.971762359 134.708892822 0.089461446 0.995972514 0.005947236 -0.878102601 -0.967757344 0.088335626 -0.235886499 6.370203018
-0.238891080 0.016090337 0.970912993 136.712875366 0.090742826 0.995857358 0.005823361 -0.879884958 -0.966797173 0.089494556 -0.239361525 5.871042252
-0.241936088 0.016728809 0.970147967 138.714645386 0.091145471 0.995822072 0.005558396 -0.883077681 -0.966001749 0.089769371 -0.242450103 5.370853424
-0.245574191 0.016801726 0.969232202 140.753204346 0.090315804 0.995897353 0.005619331 -0.884653747 -0.965161264 0.088916950 -0.246084169 4.867275238
-0.249102727 0.017190905 0.968324482 142.754852295 0.089443102 0.995977700 0.005327514 -0.894164860 -0.964338005 0.087937042 -0.249638364 4.345382690
-0.253755182 0.017939050 0.967102051 144.783981323 0.088631131 0.996053040 0.004779602 -0.900889635 -0.963199258 0.086928204 -0.254343569 3.822872162
-0.258133948 0.017195903 0.965956092 146.813964844 0.087143563 0.996180415 0.005553556 -0.909010589 -0.962170899 0.085610412 -0.258646458 3.289608002
-0.262648165 0.017691426 0.964729428 148.846221924 0.087632298 0.996137202 0.005590568 -0.914620996 -0.960903943 0.086009823 -0.263184041 2.737468719
-0.267557919 0.017981324 0.963374019 150.900527954 0.086876348 0.996203721 0.005534079 -0.919991910 -0.959617376 0.085175097 -0.268104315 2.183235168
-0.272727758 0.018170308 0.961919665 152.958435059 0.086280599 0.996254861 0.005643772 -0.922052324 -0.958214641 0.084534213 -0.273274064 1.620796204
-0.277313679 0.017597755 0.960618258 154.996536255 0.086230427 0.996253073 0.006642655 -0.928479195 -0.956902027 0.084676608 -0.277792066 1.043048859
-0.282161236 0.017691616 0.959203780 157.055526733 0.086699270 0.996208966 0.007129477 -0.929969430 -0.955441356 0.085173935 -0.282625377 0.455898285
-0.286530972 0.018246030 0.957897127 159.130233765 0.087359950 0.996151090 0.007156853 -0.934492230 -0.954079807 0.085732512 -0.287022144 -0.149879456
-0.290309995 0.019687930 0.956730068 161.191818237 0.087997817 0.996101320 0.006203912 -0.933078885 -0.952877939 0.085991196 -0.290910751 -0.768756866
-0.294111073 0.021197818 0.955536127 163.247665405 0.088003747 0.996107638 0.004989411 -0.940156698 -0.951711118 0.085558206 -0.294831723 -1.389225006
-0.297854602 0.022775657 0.954339445 165.327285767 0.089032069 0.996020615 0.004017004 -0.941316962 -0.950450361 0.086163305 -0.298697054 -2.020523071
-0.301220357 0.023310188 0.953269601 167.416000366 0.088316306 0.996086180 0.003549593 -0.947278082 -0.949455917 0.085258476 -0.302100092 -2.672340393
-0.305022687 0.023274055 0.952060640 169.514297485 0.088620648 0.996057272 0.004042828 -0.960098922 -0.948212743 0.085605383 -0.305882633 -3.333778381
-0.309273690 0.023540661 0.950681627 171.595550537 0.088371500 0.996079206 0.004084037 -0.964535177 -0.946858108 0.085276246 -0.310141474 -3.995407104
-0.313346654 0.024590760 0.949320376 173.687835693 0.090644255 0.995874763 0.004122695 -0.969894171 -0.945302844 0.087342292 -0.314282984 -4.687320709
-0.316444576 0.024955947 0.948282659 175.774688721 0.092989020 0.995655417 0.004828043 -0.976295710 -0.944042206 0.089707680 -0.317390442 -5.385311127
-0.319041580 0.024442965 0.947425544 177.846954346 0.093766950 0.995576680 0.005890398 -0.984551549 -0.943090737 0.090716474 -0.319922388 -6.083595276
-0.321625203 0.024050467 0.946561575 179.925567627 0.093358412 0.995611846 0.006424819 -0.984477043 -0.942253411 0.090435870 -0.322459131 -6.790420532
-0.324407607 0.024667224 0.945595741 182.009902954 0.092665464 0.995680332 0.005817186 -0.990584373 -0.941367567 0.089511186 -0.325291991 -7.499114990
-0.326919496 0.026663117 0.944675982 184.112335205 0.092039727 0.995748281 0.003747136 -0.995208740 -0.940559506 0.088172741 -0.327983558 -8.230144501
-0.330205292 0.028699458 0.943472743 186.238800049 0.091815971 0.995774269 0.001844189 -1.002320290 -0.939432919 0.087234817 -0.331445038 -8.969348907
-0.333539903 0.029670885 0.942268968 188.360229492 0.090970762 0.995853186 0.000843220 -1.018591523 -0.938336551 0.086000182 -0.334855974 -9.709556580
-0.337601423 0.030706283 0.940788209 190.536148071 0.089319959 0.996002793 -0.000456009 -1.028481722 -0.937041759 0.083877228 -0.338994533 -10.470645905
-0.339906633 0.031271230 0.939939141 192.655456543 0.090352274 0.995909750 -0.000459588 -1.042908072 -0.936108947 0.084769420 -0.341341734 -11.259834290
-0.344018131 0.030167520 0.938478291 194.834915161 0.089607701 0.995976925 0.000831704 -1.056887507 -0.934677482 0.084381022 -0.345337301 -12.038215637
-0.347405970 0.029534454 0.937249601 196.993530273 0.089647226 0.995971799 0.001844223 -1.073284984 -0.933419764 0.084662527 -0.348654240 -12.838138580
-0.351356804 0.029223368 0.935785413 199.155410767 0.089343213 0.995997906 0.002441733 -1.084111810 -0.931968987 0.084463991 -0.352561623 -13.643280029
-0.354886651 0.029768554 0.934435189 201.306152344 0.088789277 0.996048450 0.001989661 -1.094283104 -0.930683553 0.083673939 -0.356127411 -14.451915741
-0.358772576 0.030084694 0.932940066 203.467575073 0.087883741 0.996129334 0.001674309 -1.114264727 -0.929278612 0.082590960 -0.360027850 -15.276195526
-0.362151206 0.030751854 0.931611955 205.646636963 0.087373689 0.996174932 0.001082275 -1.125873804 -0.928015292 0.081790328 -0.363452882 -16.108776093
-0.365126282 0.031500280 0.930424929 207.768524170 0.088697739 0.996057987 0.001085278 -1.146515965 -0.926723003 0.082922868 -0.366480976 -16.934158325
-0.367524832 0.031247884 0.929488599 209.913055420 0.089582458 0.995977521 0.001938263 -1.165014267 -0.925689101 0.083978258 -0.368845761 -17.782928467
-0.369719028 0.030856004 0.928631127 212.078292847 0.091177516 0.995829403 0.003211996 -1.181433201 -0.924659133 0.085857838 -0.370990545 -18.654521942
-0.372684777 0.031822398 0.927412331 214.279556274 0.092499278 0.995708227 0.003005414 -1.195914030 -0.923336208 0.086905040 -0.374028921 -19.534515381
-0.375375748 0.032870669 0.926289618 216.467361450 0.092737474 0.995688081 0.002248188 -1.209716916 -0.922221482 0.086745687 -0.376805633 -20.419136047
-0.377999932 0.033027291 0.925216377 218.645874023 0.092098132 0.995747745 0.002081921 -1.225511432 -0.921213508 0.085997671 -0.379434198 -21.305236816
-0.381121099 0.034392696 0.923885167 220.819015503 0.091908813 0.995767057 0.000845654 -1.246218204 -0.919945359 0.085235499 -0.382668912 -22.193939209
-0.383885622 0.035547055 0.922696173 223.000457764 0.091935247 0.995764971 -0.000112593 -1.266260624 -0.918792427 0.084785067 -0.385527998 -23.098159790
-0.386970311 0.035348162 0.921414375 225.169601440 0.089479119 0.995988488 -0.000630114 -1.290352464 -0.917740405 0.082203507 -0.388580978 -23.991336823
-0.389283627 0.036440387 0.920396864 227.337966919 0.090818740 0.995866895 -0.001016453 -1.313550234 -0.916629851 0.083193578 -0.390984088 -24.912895203
-0.391824603 0.036093257 0.919331729 229.488174438 0.092005573 0.995758474 0.000119519 -1.337215185 -0.915428042 0.084630467 -0.393483371 -25.828804016
-0.394504309 0.035036709 0.918225884 231.655426025 0.092328802 0.995727181 0.001673988 -1.360767961 -0.914243817 0.085439056 -0.396053553 -26.753810883
-0.397615194 0.034767669 0.916893303 233.782928467 0.091282748 0.995823324 0.001824593 -1.375952721 -0.913000345 0.084422044 -0.399128169 -27.670570374
-0.401013583 0.034935016 0.915405631 235.912933350 0.089840442 0.995955288 0.001347534 -1.398123980 -0.911656082 0.082780831 -0.402530193 -28.593845367
-0.404571772 0.034283530 0.913863420 238.098968506 0.088252060 0.996096730 0.001701103 -1.414688349 -0.910238028 0.081338547 -0.406018138 -29.550312042
-0.408056170 0.033746202 0.912332892 240.263626099 0.087669924 0.996146798 0.002365461 -1.432883263 -0.908737659 0.080949396 -0.409442425 -30.509963989
-0.411921412 0.033650499 0.910597980 242.420288086 0.086951666 0.996209264 0.002519548 -1.454894781 -0.907061279 0.080215849 -0.413285941 -31.473899841
-0.415221900 0.033558272 0.909101009 244.569717407 0.086787105 0.996222675 0.002864802 -1.476466537 -0.905570984 0.080087781 -0.416565925 -32.451835632
-0.419284105 0.032674089 0.907266855 246.732864380 0.085177943 0.996359587 0.003481462 -1.496382952 -0.903850436 0.078738861 -0.420540839 -33.428260803
-0.422535062 0.033369619 0.905732036 248.842239380 0.085050084 0.996372402 0.002967844 -1.504235864 -0.902347267 0.078286596 -0.423840374 -34.414245605
-0.425898820 0.034077425 0.904128790 250.995727539 0.085707702 0.996316314 0.002821413 -1.530121803 -0.900702178 0.078692436 -0.427250713 -35.420867920
-0.429447114 0.033987690 0.902452230 253.121536255 0.085459843 0.996336579 0.003143996 -1.557641268 -0.899039388 0.078473613 -0.430778474 -36.424064636
-0.433071613 0.034312539 0.900706112 255.270629883 0.085509330 0.996332347 0.003158598 -1.569941282 -0.897294343 0.078386679 -0.434417278 -37.444549561
-0.436436266 0.034795295 0.899062097 257.392242432 0.084716298 0.996401846 0.002561753 -1.587908745 -0.895738006 0.077283271 -0.437813610 -38.465637207
-0.440011591 0.035250671 0.897299945 259.521179199 0.085152932 0.996364594 0.002614245 -1.602923870 -0.893945634 0.077558026 -0.441413611 -39.508819580
-0.443218738 0.035751861 0.895700395 261.663543701 0.085436940 0.996340394 0.002507782 -1.604727983 -0.892332733 0.077637389 -0.444651335 -40.564605713
-0.446766645 0.036927242 0.893888116 263.790466309 0.086610980 0.996239841 0.002132804 -1.619644403 -0.890448272 0.078373387 -0.448285013 -41.616889954
-0.450058818 0.039618727 0.892119527 265.920684814 0.089654490 0.995972455 0.000998326 -1.632210135 -0.888486981 0.080431819 -0.451798141 -42.696098328
-0.452978373 0.040339895 0.890608370 268.056579590 0.091128059 0.995838404 0.001243004 -1.652042985 -0.886851907 0.081722468 -0.454769403 -43.783241272
-0.455376387 0.042463545 0.889285803 270.175537109 0.092998780 0.995666206 0.000078631 -1.663992763 -0.885428488 0.082738303 -0.457351893 -44.880920410
-0.458028615 0.044847600 0.887805343 272.313293457 0.095011249 0.995475411 -0.001269200 -1.691206336 -0.883845389 0.083770171 -0.460217267 -45.971626282
-0.460645348 0.045687340 0.886407554 274.458587646 0.095726416 0.995406449 -0.001558594 -1.704115033 -0.882407129 0.084134668 -0.462902874 -47.069366455
-0.464096516 0.046182629 0.884579897 276.628509521 0.095886253 0.995390832 -0.001661001 -1.730225086 -0.880579412 0.084048182 -0.466385692 -48.185264587
-0.466862440 0.046301104 0.883117020 278.790161133 0.095240384 0.995452583 -0.001841655 -1.744670272 -0.879186392 0.083248608 -0.469149172 -49.325294495
-0.470054954 0.047809880 0.881341338 280.954040527 0.096331581 0.995345771 -0.002616723 -1.764118433 -0.877364576 0.083671011 -0.472472847 -50.464805603
-0.472836614 0.047967210 0.879843473 283.111938477 0.095814466 0.995395482 -0.002775202 -1.782865286 -0.875925303 0.082989536 -0.475255281 -51.629997253
-0.475819588 0.048077051 0.878227949 285.293182373 0.094408572 0.995528042 -0.003348322 -1.798229694 -0.874461412 0.081319056 -0.478230566 -52.791595459
-0.478273839 0.048587460 0.876865566 287.468933105 0.095656738 0.995409906 -0.002981446 -1.816207886 -0.872985542 0.082452148 -0.480726242 -53.975936890
-0.480479628 0.048586585 0.875658989 289.662139893 0.097382516 0.995245337 -0.001787520 -1.838498116 -0.871582448 0.084414996 -0.482926637 -55.157608032
-0.482646316 0.049144194 0.874435365 291.855865479 0.098737545 0.995112479 -0.001428005 -1.854321480 -0.870231807 0.085650392 -0.485139787 -56.362327576
-0.483718485 0.048945706 0.873853862 294.016113281 0.098871090 0.995099723 -0.001007112 -1.870182872 -0.869621038 0.085911758 -0.486187458 -57.564048767
-0.486483634 0.048365820 0.872349977 296.237274170 0.097807772 0.995205045 -0.000632821 -1.873886228 -0.868197739 0.085014746 -0.488881499 -58.776260376
-0.489346981 0.048879512 0.870718241 298.469818115 0.099560082 0.995031476 0.000095060 -1.882611036 -0.866387486 0.086735293 -0.491782188 -60.021995544
-0.491618931 0.048860013 0.869438589 300.673034668 0.099711031 0.995016336 0.000463886 -1.891869545 -0.865082860 0.086920671 -0.494040787 -61.256668091
-0.493496954 0.049522374 0.868336499 302.894836426 0.099571161 0.995030344 -0.000159154 -1.916113377 -0.864029109 0.086382739 -0.495975494 -62.511772156
-0.496408343 0.051763028 0.866544485 305.114532471 0.098345652 0.995147467 -0.003106878 -1.919578552 -0.862500370 0.083678581 -0.499090225 -63.773139954
-0.500126004 0.050829444 0.864459574 307.351684570 0.096746922 0.995305657 -0.002550940 -1.944152713 -0.860531271 0.082358018 -0.502695858 -65.048828125
-0.504379869 0.048105732 0.862140834 309.545928955 0.093625478 0.995607197 -0.000778986 -1.966528773 -0.858391047 0.080325440 -0.506668150 -66.308776855
-0.509908617 0.045400247 0.859029830 311.778747559 0.091066673 0.995843768 0.001425005 -1.985155106 -0.855394661 0.078955621 -0.511923611 -67.595001221
-0.514963865 0.044133306 0.856075048 314.008300781 0.090057828 0.995932519 0.002830044 -1.997105598 -0.852468073 0.078553632 -0.516843796 -68.913955688
-0.520092428 0.044433732 0.852953434 316.275238037 0.090547808 0.995886564 0.003332271 -2.003993511 -0.849296749 0.078966156 -0.521976411 -70.253395081
-0.524143219 0.046536546 0.850357711 318.526306152 0.093674041 0.995597601 0.003253848 -2.011828899 -0.846462667 0.081361927 -0.526194990 -71.638237000
-0.528012753 0.047360335 0.847914815 320.786804199 0.094593033 0.995510578 0.003300586 -2.018714190 -0.843951821 0.081949592 -0.530122221 -73.048515320
-0.532372952 0.047694027 0.845165133 323.040863037 0.095429339 0.995428443 0.003937695 -2.027223587 -0.841113746 0.082749866 -0.534490705 -74.450172424
-0.536569417 0.046634816 0.842566609 325.263214111 0.096173182 0.995345592 0.006154809 -2.041869164 -0.838357925 0.084334813 -0.538556993 -75.867340088
-0.540748715 0.044187576 0.840022802 327.508422852 0.093654849 0.995573223 0.007918571 -2.044018745 -0.835954309 0.082954183 -0.542493343 -77.304557800
-0.544252634 0.044384625 0.837746263 329.711608887 0.093198471 0.995616972 0.007798817 -2.046828985 -0.833728492 0.082321219 -0.546003819 -78.732948303
-0.547723174 0.044112042 0.835495889 331.905670166 0.093371965 0.995593727 0.008646749 -2.052346706 -0.831432998 0.082747929 -0.549428642 -80.187355042
-0.550984919 0.044716783 0.833316267 334.095611572 0.094819196 0.995451212 0.009276879 -2.051279783 -0.829110920 0.084125794 -0.552718699 -81.631797791
-0.555624783 0.044058166 0.830264986 336.331268311 0.094635561 0.995456457 0.010507325 -2.045120239 -0.826029778 0.084410705 -0.557269812 -83.089660645
-0.558519542 0.042767067 0.828388155 338.553771973 0.093086824 0.995593309 0.011362080 -2.043635130 -0.824251652 0.083457969 -0.560039282 -84.590393066
-0.562187612 0.041913055 0.825946927 340.786804199 0.092600703 0.995624721 0.012506010 -2.031211376 -0.821809113 0.083513997 -0.563609123 -86.089988708
-0.564435363 0.041720834 0.824422300 342.986145020 0.093754090 0.995499611 0.013809741 -2.025098801 -0.820135891 0.085087664 -0.565806687 -87.596817017
-0.567200661 0.041173588 0.822549760 345.199188232 0.091508672 0.995715976 0.013259485 -2.014289379 -0.818480015 0.082791224 -0.568538547 -89.124542236
-0.570747733 0.040014245 0.820149839 347.364166260 0.087741964 0.996065378 0.012463246 -2.007658005 -0.816424012 0.079074927 -0.572012961 -90.591598511
-0.573873401 0.039466761 0.817992568 349.541687012 0.084351905 0.996374130 0.011104793 -1.996419191 -0.814588249 0.075371958 -0.575121641 -92.086906433
-0.577036083 0.036662724 0.815895379 351.695556641 0.082291067 0.996517956 0.013420651 -1.997589111 -0.812562346 0.074885100 -0.578043818 -93.593536377
-0.580519199 0.035959005 0.813452125 353.880065918 0.083093561 0.996424973 0.015252228 -1.989599228 -0.809995651 0.076446854 -0.581431746 -95.127655029
-0.583244920 0.036867831 0.811459243 356.043029785 0.083117850 0.996434569 0.014469818 -1.971466064 -0.808032691 0.075886190 -0.584229827 -96.678672791
-0.586664677 0.035471387 0.809052765 358.241943359 0.080921046 0.996607900 0.014983507 -1.964390755 -0.805776834 0.074259683 -0.587545037 -98.239189148
-0.590055168 0.031648647 0.806742311 360.430511475 0.078580357 0.996738434 0.018371833 -1.953720570 -0.803529620 0.074234493 -0.590617716 -99.806732178
-0.593351245 0.029435875 0.804405272 362.623870850 0.076251112 0.996892750 0.019765254 -1.925205231 -0.801324129 0.073064528 -0.593752027 -101.393661499
-0.596747339 0.028381089 0.801927030 364.830718994 0.074748859 0.996995091 0.020338982 -1.898479462 -0.798940063 0.072080374 -0.597075582 -102.997596741
-0.600177467 0.028350001 0.799364328 366.984008789 0.074212648 0.997034550 0.020359702 -1.879443169 -0.796416819 0.071542360 -0.600501537 -104.574211121
-0.603113532 0.028198367 0.797156811 369.141052246 0.074261315 0.997019410 0.020916434 -1.855638027 -0.794191122 0.071812898 -0.603409946 -106.177902222
-0.606347620 0.027031837 0.794740081 371.258239746 0.073585555 0.997041047 0.022229368 -1.834162712 -0.791787684 0.071960106 -0.606542706 -107.747085571
-0.609690368 0.025760880 0.792221129 373.411376953 0.070528008 0.997270465 0.021849556 -1.806976795 -0.789495826 0.069195218 -0.609842896 -109.365272522
-0.613340616 0.022084568 0.789509714 375.563262939 0.060456511 0.997989058 0.019050155 -1.787938595 -0.787501335 0.059415244 -0.613442361 -110.984916687
-0.617419302 0.024889693 0.786240220 377.709014893 0.053295407 0.998526275 0.010241909 -1.780185699 -0.784826696 0.048226554 -0.617835879 -112.608718872
-0.619914353 0.034992196 0.783888757 379.830657959 0.063165195 0.997988462 0.005402807 -1.782659531 -0.782122970 0.052863766 -0.620877802 -114.272346497
-0.620808482 0.036448766 0.783114552 381.954559326 0.071161158 0.997414768 0.009989499 -1.790471792 -0.780725777 0.061928906 -0.621797204 -115.942985535
-0.622915030 0.027161403 0.781817794 384.080261230 0.070097096 0.997314751 0.021201953 -1.773092747 -0.779142618 0.068010181 -0.623146355 -117.622932434
-0.626748145 0.016504677 0.779047191 386.217773438 0.063905187 0.997496486 0.030279418 -1.728887558 -0.776597023 0.068762720 -0.626233697 -119.286773682
-0.630299151 0.010245729 0.776284635 388.327941895 0.057754554 0.997761011 0.033724554 -1.675880432 -0.774200976 0.066090539 -0.629479647 -120.948707581
-0.633365095 0.009654335 0.773792863 390.419647217 0.056295682 0.997847617 0.033629358 -1.616665840 -0.771802843 0.064860865 -0.632545352 -122.623130798
-0.636495888 0.015090254 0.771132410 392.523864746 0.061847322 0.997587562 0.031527285 -1.567256927 -0.768796384 0.067759462 -0.635893583 -124.321243286
-0.638559878 0.021679353 0.769266844 394.557281494 0.066376165 0.997429609 0.026988722 -1.519052505 -0.766704321 0.068294898 -0.638357401 -125.993270874
-0.641097426 0.024505934 0.767068148 396.631408691 0.067226164 0.997441292 0.024320256 -1.483791351 -0.764509499 0.067158699 -0.641104460 -127.711967468
-0.644324481 0.024633307 0.764355421 398.714416504 0.067699663 0.997394383 0.024924839 -1.448908806 -0.761749804 0.067806304 -0.644313276 -129.434234619
-0.646986187 0.023944523 0.762125611 400.742065430 0.068241313 0.997314215 0.026597943 -1.410424232 -0.759441793 0.069216967 -0.646882594 -131.145721436
-0.649152219 0.023628758 0.760291338 402.776824951 0.069248989 0.997202516 0.028134586 -1.365458488 -0.757499754 0.070913047 -0.648972571 -132.878265381
-0.650688291 0.023595527 0.758978188 404.845367432 0.069307886 0.997190475 0.028417926 -1.315456390 -0.756175339 0.071094394 -0.650495470 -134.630004883
-0.651625454 0.023451580 0.758178234 406.891235352 0.069521822 0.997161448 0.028907686 -1.271471977 -0.755348206 0.071546905 -0.651406229 -136.381988525
-0.652517557 0.024183918 0.757387578 408.949981689 0.070223495 0.997119427 0.028661428 -1.227098465 -0.754512727 0.071888492 -0.652336240 -138.135131836
-0.653261721 0.023446832 0.756769061 410.979187012 0.071051128 0.997008026 0.030442979 -1.174637794 -0.753791034 0.073656529 -0.652973056 -139.887344360
-0.654043436 0.022686308 0.756116688 413.027404785 0.072895698 0.996788502 0.033147648 -1.127998352 -0.752936542 0.076797657 -0.653596699 -141.640960693
-0.655130208 0.022448163 0.755182445 415.057708740 0.074656434 0.996589959 0.035141271 -1.066023827 -0.751818359 0.079401337 -0.654572070 -143.387191772
-0.656248033 0.022714011 0.754203260 417.071411133 0.073111817 0.996757686 0.033597197 -1.004899025 -0.750994802 0.077189267 -0.655780911 -145.136077881
-0.658400834 0.022292819 0.752337217 419.102752686 0.068568684 0.997181296 0.030459350 -0.952006340 -0.749537528 0.071641244 -0.658073664 -146.872283936
-0.659441829 0.021759106 0.751440585 421.112731934 0.065934218 0.997403145 0.028980574 -0.902140617 -0.748858571 0.068656661 -0.659163892 -148.620986938
-0.660731196 0.021385523 0.750317872 423.131256104 0.065840900 0.997392416 0.029551983 -0.852489471 -0.747729361 0.068927519 -0.660416365 -150.376525879
-0.660974503 0.019979486 0.750142336 425.134338379 0.063439339 0.997554660 0.029329311 -0.804294586 -0.747721970 0.066974461 -0.660625637 -152.138824463
-0.661789477 0.019124223 0.749445677 427.148651123 0.060697455 0.997759521 0.028137557 -0.756926537 -0.747228563 0.064110585 -0.661467671 -153.898406982
-0.662082970 0.018433616 0.749203742 429.151947021 0.059032232 0.997874022 0.027615726 -0.706032753 -0.747101903 0.062511072 -0.661763608 -155.655517578
-0.662737012 0.016944010 0.748660445 431.142242432 0.060502619 0.997687221 0.030978667 -0.665224075 -0.746403992 0.065826625 -0.662229478 -157.399078369
-0.662352860 0.015936755 0.749022424 433.137634277 0.062830962 0.997433245 0.034338653 -0.605344772 -0.746552706 0.069806114 -0.661654055 -159.152099609
-0.661371589 0.014754165 0.749913275 435.141632080 0.067395777 0.996931195 0.039824285 -0.538818359 -0.747024417 0.076879635 -0.660336316 -160.912384033
-0.659860551 0.013674090 0.751263618 437.147125244 0.070577629 0.996541917 0.043852229 -0.461257935 -0.748066068 0.081958748 -0.658543766 -162.659271240
-0.658192396 0.011195146 0.752766490 439.144531250 0.064729057 0.997028351 0.041768983 -0.379680634 -0.750061929 0.076217897 -0.656961143 -164.386505127
-0.657844126 0.010686466 0.753078282 441.155242920 0.057650018 0.997680247 0.036202155 -0.304143906 -0.750944436 0.067230359 -0.656934202 -166.100173950
-0.656587362 0.008146470 0.754206002 443.167816162 0.052480474 0.998011589 0.034907900 -0.247302055 -0.752421975 0.062501170 -0.655709386 -167.825927734
-0.654048204 0.008059889 0.756409943 445.188537598 0.050741024 0.998158574 0.033238620 -0.190307617 -0.754749179 0.060120679 -0.653252780 -169.532135010
-0.651030719 0.008914725 0.758999050 447.208618164 0.053056162 0.998019814 0.033786748 -0.132896423 -0.757194877 0.062265787 -0.650214493 -171.270233154
-0.648275912 0.008870676 0.761353731 449.224731445 0.053801119 0.997966409 0.034182958 -0.071881294 -0.759502292 0.063121676 -0.647434831 -172.971466064
-0.645659089 0.009550112 0.763566077 451.243164062 0.051359694 0.998200715 0.030944187 -0.019577980 -0.761896670 0.059195910 -0.644987822 -174.660461426
-0.644713223 0.004192698 0.764412761 453.282073975 0.043766022 0.998547137 0.031435795 0.031180382 -0.763170421 0.053722382 -0.643960178 -176.336868286
-0.643659830 -0.001870660 0.765309393 455.316864014 0.035214383 0.998865604 0.032058444 0.081571579 -0.764500916 0.047584631 -0.642863750 -178.018081665
-0.643478692 -0.005475559 0.765444398 457.361846924 0.028008573 0.999136269 0.030692950 0.128197670 -0.764951289 0.041189257 -0.642769694 -179.686859131
-0.642619371 -0.005640773 0.766164780 459.401000977 0.026437730 0.999214172 0.029531162 0.179438591 -0.765729308 0.039232954 -0.641965270 -181.377349854
-0.641642332 -0.005384138 0.766985118 461.444458008 0.028976122 0.999091387 0.031254269 0.226389885 -0.766456485 0.042278308 -0.640903294 -183.063522339
-0.640338719 -0.006479491 0.768065333 463.499481201 0.030404963 0.998966753 0.033776123 0.278602600 -0.767490625 0.044981159 -0.639480114 -184.747222900
-0.639539778 -0.008732348 0.768708408 465.518341064 0.028954491 0.998952389 0.035437047 0.340698242 -0.768212557 0.044920959 -0.638616920 -186.402542114
-0.638796091 -0.009182429 0.769321263 467.571990967 0.026694674 0.999062181 0.034090132 0.399165154 -0.768912852 0.042313430 -0.637951910 -188.074432373
-0.637511313 -0.008245083 0.770396888 469.609954834 0.025585815 0.999164760 0.031865973 0.460239410 -0.770016015 0.040026154 -0.636767805 -189.740692139
-0.636584282 -0.006954066 0.771175683 471.666473389 0.026170716 0.999188542 0.030613378 0.508723259 -0.770762980 0.039670210 -0.635885954 -191.414916992
-0.635773540 -0.006439200 0.771848917 473.692443848 0.028039105 0.999112546 0.031431027 0.557178497 -0.771366179 0.041624967 -0.635028660 -193.059188843
