1.000000000 0.000000000 0.000000000 -0.000000954 0.000000000 1.000000000 -0.000000000 -0.000000060 0.000000000 -0.000000000 1.000000000 0.000000477
0.999995947 -0.002455291 -0.001402503 -0.006027764 0.002459339 0.999992788 0.002891406 -0.015305711 0.001395397 -0.002894843 0.999994874 1.523407340
0.999991596 -0.002822934 -0.002963195 -0.009886296 0.002834169 0.999988735 0.003793982 -0.033845991 0.002952453 -0.003802349 0.999988437 3.045358181
0.999989152 -0.001830786 -0.004264973 -0.027813602 0.001845330 0.999992430 0.003408581 -0.046733603 0.004258703 -0.003416414 0.999985099 4.559504509
0.999982059 -0.001004657 -0.005901674 -0.040904034 0.001024560 0.999993801 0.003370216 -0.064472646 0.005898252 -0.003376203 0.999976933 6.063203335
0.999971867 -0.001370917 -0.007366128 -0.056344707 0.001396229 0.999993086 0.003432197 -0.075285062 0.007361373 -0.003442386 0.999966979 7.565247536
0.999958217 -0.001946322 -0.008924642 -0.080451816 0.001983170 0.999989569 0.004121810 -0.095323429 0.008916526 -0.004139337 0.999951661 9.069376945
0.999936700 -0.003693577 -0.010616741 -0.101764500 0.003727356 0.999988019 0.003163526 -0.107265428 0.010604932 -0.003202897 0.999938667 10.568646431
0.999918163 -0.004494991 -0.011971946 -0.122760139 0.004536708 0.999983668 0.003459518 -0.122046933 0.011956207 -0.003513548 0.999922335 12.051414490
0.999903560 -0.004347516 -0.013188878 -0.150719389 0.004392903 0.999984443 0.003414188 -0.140110418 0.013173835 -0.003471797 0.999907136 13.540496826
0.999889553 -0.003887469 -0.014339760 -0.174402356 0.003935396 0.999986708 0.003315508 -0.152254775 0.014326679 -0.003371575 0.999891639 15.019037247
0.999884546 -0.002099473 -0.015048752 -0.209612653 0.002161643 0.999989152 0.004116128 -0.169827044 0.015039946 -0.004148183 0.999878347 16.488508224
0.999878109 -0.000623500 -0.015595227 -0.232528120 0.000694391 0.999989450 0.004540625 -0.182255656 0.015592239 -0.004550900 0.999868095 17.982135773
0.999866843 0.000385012 -0.016314588 -0.265827835 -0.000298849 0.999985993 0.005283434 -0.194460541 0.016316401 -0.005277856 0.999852955 19.449052811
0.999860823 -0.000241273 -0.016682209 -0.290117174 0.000334239 0.999984384 0.005570162 -0.211916029 0.016680609 -0.005574963 0.999845207 20.942272186
0.999851167 0.000836452 -0.017232172 -0.323429227 -0.000742580 0.999984860 0.005453192 -0.221013814 0.017236471 -0.005439584 0.999836564 22.405918121
0.999848068 0.000867773 -0.017408539 -0.345943600 -0.000761610 0.999981225 0.006104071 -0.233476147 0.017413503 -0.006089886 0.999829829 23.862285614
0.999848127 0.001820283 -0.017325940 -0.380248964 -0.001693332 0.999971628 0.007339125 -0.245726153 0.017338807 -0.007308673 0.999822974 25.307954788
0.999849916 0.002111167 -0.017194280 -0.410696089 -0.002006426 0.999979377 0.006106567 -0.258649886 0.017206814 -0.006071152 0.999833465 26.748186111
0.999848843 0.002298858 -0.017234974 -0.442834705 -0.002230530 0.999989569 0.003982725 -0.267164081 0.017243953 -0.003943679 0.999843419 28.180467606
0.999859631 0.001010167 -0.016724735 -0.478000790 -0.000945109 0.999991953 0.003897371 -0.283011764 0.016728541 -0.003881017 0.999852419 29.590192795
0.999860704 -0.000012551 -0.016688533 -0.498874098 0.000121563 0.999978662 0.006531196 -0.295364916 0.016688095 -0.006532314 0.999839365 31.048540115
0.999864757 -0.001650550 -0.016366884 -0.535048187 0.001778265 0.999968171 0.007791783 -0.310716301 0.016353497 -0.007819834 0.999835670 32.458236694
0.999861479 -0.002723169 -0.016411472 -0.549960256 0.002840594 0.999970496 0.007136034 -0.323062181 0.016391557 -0.007181666 0.999839783 33.865932465
0.999872327 -0.002711966 -0.015741179 -0.588594258 0.002795534 0.999982178 0.005289263 -0.335321009 0.015726553 -0.005332595 0.999862134 35.245712280
0.999882042 -0.001543761 -0.015282091 -0.615217686 0.001611733 0.999988854 0.004436454 -0.346396089 0.015275073 -0.004460562 0.999873340 36.613853455
0.999898136 -0.000639844 -0.014258440 -0.651490390 0.000689882 0.999993622 0.003504700 -0.361680955 0.014256105 -0.003514181 0.999892235 37.955795288
0.999914765 -0.000174926 -0.013047894 -0.669524252 0.000236877 0.999988675 0.004746557 -0.382025421 0.013046918 -0.004749244 0.999903619 39.316104889
0.999931097 0.000327176 -0.011726991 -0.696460664 -0.000248332 0.999977231 0.006724047 -0.397838354 0.011728929 -0.006720672 0.999908626 40.637454987
0.999952376 -0.000069214 -0.009758170 -0.713641644 0.000145700 0.999969304 0.007837596 -0.413748205 0.009757329 -0.007838646 0.999921620 41.954891205
0.999972224 -0.000076103 -0.007457255 -0.727203012 0.000138993 0.999964476 0.008433205 -0.425605386 0.007456348 -0.008434008 0.999936640 43.250736237
0.999992311 -0.000005037 -0.003911612 -0.741390049 0.000035966 0.999968886 0.007906919 -0.438698024 0.003911447 -0.007907000 0.999961078 44.515048981
0.999999821 -0.000403603 -0.000281970 -0.754305720 0.000405319 0.999981344 0.006110106 -0.450153887 0.000279496 -0.006110219 0.999981344 45.774536133
0.999994576 -0.000712325 0.003202191 -0.757911444 0.000697760 0.999989450 0.004547137 -0.467815161 -0.003205396 -0.004544877 0.999984503 46.975757599
0.999973893 -0.000271595 0.007201203 -0.752539575 0.000235290 0.999987304 0.005041916 -0.480467737 -0.007202482 -0.005040091 0.999961317 48.190158844
0.999917448 -0.000394645 0.012839421 -0.751988649 0.000330781 0.999987662 0.004975824 -0.497694254 -0.012841227 -0.004971166 0.999905229 49.409267426
0.999814510 0.001394769 0.019208437 -0.736500800 -0.001471690 0.999990940 0.003991010 -0.509417892 -0.019202700 -0.004018538 0.999807537 50.598796844
0.999637961 0.002948603 0.026744425 -0.717779279 -0.003058210 0.999987066 0.004058361 -0.522701859 -0.026732113 -0.004138682 0.999634027 51.790973663
0.999384999 0.003995609 0.034835942 -0.673026681 -0.004167992 0.999979377 0.004877158 -0.532965899 -0.034815736 -0.005019354 0.999381125 53.000579834
0.998948872 0.006505611 0.045373976 -0.632310152 -0.006767051 0.999961317 0.005610670 -0.545836568 -0.045335721 -0.005911822 0.998954356 54.163848877
0.998273611 0.008248228 0.058152132 -0.578271151 -0.008585758 0.999947727 0.005556772 -0.562201023 -0.058103260 -0.006046459 0.998292267 55.304454803
0.997278154 0.010133283 0.073032148 -0.506710052 -0.010591360 0.999926567 0.005887680 -0.572073460 -0.072967127 -0.006645164 0.997312188 56.440441132
0.995902479 0.012981521 0.089497626 -0.423876762 -0.013681705 0.999880373 0.007214432 -0.585120142 -0.089393280 -0.008409348 0.995960891 57.571460724
0.994156659 0.013048869 0.107155651 -0.312728405 -0.013981566 0.999870658 0.007957458 -0.595376015 -0.107037932 -0.009409163 0.994210482 58.673458099
0.991892934 0.012738504 0.126436666 -0.185586452 -0.013782486 0.999877691 0.007385525 -0.610216260 -0.126327112 -0.009068260 0.991947174 59.777610779
0.989106715 0.012038503 0.146707401 -0.030930519 -0.013094511 0.999894857 0.006234390 -0.613446712 -0.146616951 -0.008087540 0.989160240 60.870861053
0.985808849 0.008884760 0.167636320 0.141562462 -0.010066516 0.999930143 0.006201062 -0.628993034 -0.167569533 -0.007800576 0.985829294 61.911830902
0.981904566 0.003886519 0.189336345 0.340471268 -0.005574260 0.999949336 0.008382276 -0.637816250 -0.189294159 -0.009286005 0.981876433 62.948493958
0.977133512 -0.001425049 0.212621719 0.565686226 -0.000660664 0.999952376 0.009738126 -0.646846235 -0.212625518 -0.009655920 0.977086008 63.998016357
0.971665144 -0.006456766 0.236273050 0.817785263 0.004423731 0.999948502 0.009133704 -0.653656185 -0.236319855 -0.007829694 0.971643746 65.010025024
0.965165615 -0.012611986 0.261334985 1.090193748 0.011025445 0.999910772 0.007536239 -0.665567994 -0.261406690 -0.004392386 0.965218782 65.992523193
0.957640290 -0.016426094 0.287498176 1.389961243 0.014654903 0.999858081 0.008311844 -0.671819568 -0.287593931 -0.003746499 0.957745135 66.968109131
0.949013174 -0.018685834 0.314681798 1.702869415 0.016153000 0.999812722 0.010654976 -0.679834425 -0.314822018 -0.005028659 0.949137330 67.924194336
0.939277112 -0.023083877 0.342382044 2.047138214 0.019710837 0.999716878 0.013328387 -0.681950450 -0.342592776 -0.005770411 0.939466298 68.864906311
0.928280413 -0.026060442 0.370966554 2.415420532 0.022814153 0.999653399 0.013137240 -0.689186335 -0.371180385 -0.003731754 0.928553224 69.779296875
0.916098297 -0.025135597 0.400164992 2.802991867 0.023348315 0.999683738 0.009341883 -0.692390800 -0.400273263 0.000785095 0.916395605 70.674758911
0.903072059 -0.026499439 0.428670645 3.220388412 0.027353987 0.999617100 0.004167933 -0.702153325 -0.428617001 0.007961908 0.903451264 71.532051086
0.888855278 -0.028401129 0.457307041 3.665693283 0.031033564 0.999516726 0.001756067 -0.709559381 -0.457135886 0.012630979 0.889307201 72.382675171
0.873163700 -0.029299127 0.486545712 4.133979797 0.030617023 0.999517441 0.005243740 -0.721231461 -0.486464649 0.010317938 0.873639345 73.220031738
0.855421305 -0.028237872 0.517162502 4.629253387 0.026433052 0.999591529 0.010857217 -0.728110492 -0.517257869 0.004382686 0.855818450 74.042366028
0.835645914 -0.028376123 0.548534811 5.146482468 0.024421271 0.999596477 0.014506147 -0.733871341 -0.548725069 0.001273918 0.836001754 74.844970703
0.814483821 -0.022193665 0.579761505 5.684417725 0.020345235 0.999746084 0.009688733 -0.736828327 -0.579829335 0.003904071 0.814728498 75.611930847
0.792554140 -0.015324391 0.609608829 6.251567841 0.017432727 0.999844909 0.002469836 -0.741105676 -0.609552264 0.008669665 0.792698503 76.352462769
0.769983947 -0.012979664 0.637931228 6.843776703 0.016556630 0.999862850 0.000359830 -0.744529247 -0.637848437 0.010284930 0.770093262 77.077934265
0.746486187 -0.015326770 0.665224433 7.467826843 0.017573619 0.999840081 0.003315958 -0.750709534 -0.665168822 0.009215083 0.746636152 77.776863098
0.722251832 -0.016064916 0.691443503 8.109054565 0.018155420 0.999826074 0.004265476 -0.768333137 -0.691391766 0.009472702 0.722417951 78.435966492
0.696644485 -0.013914987 0.717281461 8.761852264 0.018834144 0.999822021 0.001103903 -0.772448480 -0.717169166 0.012740355 0.696782649 79.082412720
0.670520842 -0.011616957 0.741799653 9.437568665 0.018669384 0.999824941 -0.001217696 -0.781092644 -0.741655648 0.014665432 0.670620441 79.682098389
0.643413365 -0.009196009 0.765463650 10.136081696 0.016946446 0.999853969 -0.002232511 -0.790424168 -0.765331328 0.014408319 0.643475175 80.272811890
0.615394354 -0.007572334 0.788182974 10.853401184 0.016694281 0.999854803 -0.003428556 -0.803919137 -0.788042665 0.015268059 0.615431249 80.830383301
0.586380780 -0.001336746 0.810034394 11.585754395 0.015415897 0.999835908 -0.009509546 -0.822166264 -0.809888661 0.018063620 0.586305261 81.377807617
0.556379914 0.008164857 0.830887914 12.342144012 0.014221221 0.999711692 -0.019346658 -0.836148262 -0.830806315 0.022580333 0.556103468 81.882369995
0.525324821 0.016428676 0.850743175 13.123321533 0.013209028 0.999535620 -0.027458437 -0.860809803 -0.850799203 0.025662089 0.524863839 82.376701355
0.493648857 0.021340899 0.869399488 13.921936035 0.010596495 0.999477088 -0.030550616 -0.887963414 -0.869596720 0.024293864 0.493164599 82.833709717
0.461106032 0.020973466 0.887097120 14.764413834 0.008649242 0.999566853 -0.028128374 -0.918192863 -0.887302876 0.020642880 0.460724950 83.278503418
0.427871555 0.019772263 0.903623164 15.612697601 0.004131814 0.999707401 -0.023831129 -0.949199438 -0.903830111 0.013930265 0.427664667 83.686225891
0.393467307 0.020858873 0.919101954 16.481916428 -0.000095921 0.999743581 -0.022647956 -0.983096659 -0.919338644 0.008823068 0.393368453 84.073471069
0.358033657 0.023819834 0.933404863 17.352437973 -0.007372242 0.999715388 -0.022684205 -1.010625362 -0.933679640 0.001240424 0.358107477 84.423385620
0.322230786 0.025648918 0.946313500 18.258987427 -0.012069351 0.999662936 -0.022985144 -1.042334080 -0.946584105 -0.004014868 0.322431803 84.747245789
0.286001027 0.024849992 0.957907021 19.165609360 -0.014643971 0.999660313 -0.021560926 -1.071144223 -0.958117366 -0.007861117 0.286267757 85.028747559
0.249753147 0.024474299 0.968000114 20.108694077 -0.015451198 0.999653935 -0.021288056 -1.099347353 -0.968186259 -0.009640004 0.250044882 85.273262024
0.213968977 0.024188554 0.976540864 21.070070267 -0.014512523 0.999661922 -0.021581424 -1.125501275 -0.976732612 -0.009554320 0.214247659 85.485809326
0.178566918 0.022977481 0.983659446 22.029106140 -0.012333302 0.999701083 -0.021113299 -1.149111032 -0.983850420 -0.008361631 0.178796947 85.656959534
0.144315079 0.022057747 0.989285886 23.002725601 -0.003972568 0.999756396 -0.021711700 -1.179451227 -0.989523768 -0.000796679 0.144367546 85.778976440
0.110415891 0.025324764 0.993562758 23.987991333 -0.001709381 0.999678850 -0.025290681 -1.217623115 -0.993883967 0.001094114 0.110423692 85.897613525
0.077773288 0.030199595 0.996513486 24.960580826 -0.000628844 0.999542475 -0.030242307 -1.248209238 -0.996970832 0.001725391 0.077756681 85.971725464
0.048479024 0.034186669 0.998238981 25.936265945 0.006218044 0.999384403 -0.034527875 -1.282854915 -0.998804748 0.007880971 0.048236594 86.007858276
0.023301248 0.032720432 0.999192774 26.976240158 0.007779309 0.999428034 -0.032909546 -1.318145037 -0.999698162 0.008539866 0.023033379 86.028610229
0.001035841 0.029548343 0.999562740 27.972511292 0.009428353 0.999518573 -0.029556807 -1.355972052 -0.999954879 0.009454846 0.000756754 86.024604797
-0.017906237 0.026900064 0.999477684 28.966655731 0.009357261 0.999598742 -0.026735682 -1.395591617 -0.999795794 0.008873639 -0.018150762 86.008766174
-0.034578912 0.030315001 0.998942077 30.005802155 0.011345563 0.999487340 -0.029938817 -1.431621790 -0.999337554 0.010298309 -0.034905136 85.976921082
-0.049085762 0.034552127 0.998196721 31.003456116 0.014079205 0.999326110 -0.033898886 -1.466397285 -0.998695374 0.012389866 -0.049539149 85.921501160
-0.061178483 0.039511062 0.997344494 31.990716934 0.018982323 0.999081552 -0.038415480 -1.512074590 -0.997946262 0.016581718 -0.061872303 85.857872009
-0.069965266 0.043252084 0.996611238 33.023185730 0.023543900 0.998852909 -0.041696507 -1.556732774 -0.997271478 0.020546811 -0.070903331 85.780273438
-0.075998560 0.048582584 0.995923638 34.025566101 0.027269278 0.998539925 -0.046629302 -1.605908871 -0.996734858 0.023614362 -0.077212416 85.699401855
-0.079388693 0.053511139 0.995406389 35.031700134 0.029300418 0.998251975 -0.051327247 -1.660177231 -0.996412992 0.025091020 -0.080817819 85.612258911
-0.082288168 0.057483487 0.994949341 36.042121887 0.031577814 0.997984290 -0.055047162 -1.721273541 -0.996108115 0.026888594 -0.083937511 85.527175903
-0.084940918 0.060190894 0.994566143 37.057510376 0.032204088 0.997818053 -0.057637300 -1.786071301 -0.995865405 0.027133338 -0.086693987 85.435386658
-0.087630689 0.063653909 0.994117081 38.065044403 0.033173487 0.997589290 -0.060952004 -1.852696061 -0.995600462 0.027637070 -0.089531079 85.348518372
-0.089230224 0.067752659 0.993703902 39.071945190 0.034468107 0.997296154 -0.064902484 -1.913877726 -0.995414376 0.028459830 -0.091324255 85.245483398
-0.091601759 0.069289446 0.993382037 40.089462280 0.037157599 0.997119308 -0.066123746 -1.983648300 -0.995102108 0.030854642 -0.093912505 85.148231506
-0.093610421 0.067887582 0.993291616 41.114212036 0.037385680 0.997208595 -0.064631961 -2.064092398 -0.994906604 0.031084655 -0.095887125 85.052772522
-0.095909901 0.067783736 0.993079364 42.133758545 0.036739137 0.997239888 -0.064519539 -2.127739668 -0.994711757 0.030296817 -0.098135479 84.960510254
-0.098189250 0.069377705 0.992746413 43.158618927 0.036586251 0.997144282 -0.066066436 -2.195573092 -0.994494915 0.029833863 -0.100447118 84.857810974
-0.100175761 0.071327657 0.992409706 44.189899445 0.036514815 0.997018754 -0.067973040 -2.278582335 -0.994299531 0.029428408 -0.102481633 84.745468140
-0.102753274 0.073591456 0.991980910 45.219627380 0.034790281 0.996915221 -0.070353813 -2.355976343 -0.994098246 0.027282210 -0.104996562 84.642662048
-0.104987368 0.076877512 0.991497576 46.248477936 0.032835711 0.996731758 -0.073806472 -2.441178799 -0.993931234 0.024807777 -0.107168585 84.528862000
-0.107412316 0.081044145 0.990905941 47.288619995 0.029073348 0.996501863 -0.078350335 -2.521241426 -0.993789315 0.020393159 -0.109392792 84.425918579
-0.110046901 0.083477154 0.990414679 48.333869934 0.026551083 0.996358097 -0.081027970 -2.605166912 -0.993571639 0.017379712 -0.111862540 84.309181213
-0.112940155 0.081911556 0.990219653 49.383213043 0.024653524 0.996520221 -0.079620868 -2.693166971 -0.993295848 0.015420011 -0.114566565 84.194526672
-0.115550362 0.077792197 0.990250647 50.441436768 0.021895081 0.996885777 -0.075758554 -2.781761646 -0.993060291 0.012927690 -0.116893783 84.067893982
-0.117879651 0.076281421 0.990093708 51.493961334 0.022260968 0.996997595 -0.074162975 -2.866088152 -0.992778301 0.013298134 -0.119223833 83.944808960
-0.120209038 0.076387532 0.989805400 52.525989532 0.021486230 0.997002006 -0.074333481 -2.956555843 -0.992516041 0.012331625 -0.121489912 83.831260681
-0.121398769 0.079246908 0.989435315 53.590950012 0.022207990 0.996775210 -0.077109978 -3.041189194 -0.992355347 0.012612315 -0.122767188 83.706123352
-0.122071296 0.082201608 0.989111423 54.656684875 0.022862148 0.996532917 -0.079996832 -3.125216484 -0.992258012 0.012847895 -0.123527378 83.573974609
-0.122191817 0.082808398 0.989045918 55.716857910 0.022007102 0.996494412 -0.080713168 -3.217984438 -0.992262483 0.011903547 -0.123585835 83.439613342
-0.122745529 0.081329048 0.989100099 56.773117065 0.018632350 0.996649623 -0.079637587 -3.310293674 -0.992263258 0.008654100 -0.123849653 83.324996948
-0.122356080 0.080770321 0.989194214 57.843803406 0.014995937 0.996719837 -0.079529919 -3.399383068 -0.992372870 0.005102923 -0.123165935 83.190933228
-0.122428402 0.081996076 0.989084363 58.911205292 0.011100766 0.996632099 -0.081247732 -3.488855839 -0.992415190 0.001032561 -0.122926295 83.066139221
-0.122562625 0.082257040 0.989046156 59.989349365 0.007328073 0.996607363 -0.081977792 -3.583655119 -0.992433667 -0.002799614 -0.122749589 82.939994812
-0.123113737 0.081532873 0.989037573 61.076629639 0.003295571 0.996647418 -0.081750005 -3.678444386 -0.992387116 -0.006805103 -0.122969724 82.813507080
-0.123717263 0.076521777 0.989362657 62.157733917 0.003205955 0.997047901 -0.076715291 -3.765781403 -0.992312372 -0.006319155 -0.123597376 82.692413330
-0.124105185 0.068007417 0.989935756 63.255062103 0.006727432 0.997683227 -0.067696266 -3.851268291 -0.992246211 -0.001741732 -0.124275193 82.557769775
-0.123227529 0.062290572 0.990421534 64.377883911 0.012939145 0.998044133 -0.061160110 -3.938640356 -0.992294014 0.005278600 -0.123792492 82.394607544
-0.122959003 0.064754888 0.990296721 65.468200684 0.021245226 0.997812033 -0.062608421 -4.012093067 -0.992184281 0.013340812 -0.124065705 82.258308411
-0.121709637 0.070705175 0.990044117 66.587280273 0.026259910 0.997339785 -0.067997985 -4.083186150 -0.992218316 0.017722465 -0.123242587 82.103576660
-0.120197110 0.076360852 0.989808857 67.685676575 0.030886279 0.996842384 -0.073152810 -4.167572975 -0.992269456 0.021778755 -0.122176088 81.962120056
-0.119958080 0.080744058 0.989489973 68.783348083 0.031513158 0.996494591 -0.077495225 -4.255661964 -0.992278636 0.021885773 -0.122082077 81.840278625
-0.119618081 0.078027233 0.989748955 69.926956177 0.028640876 0.996763170 -0.075118743 -4.342620850 -0.992406726 0.019361716 -0.121465676 81.697616577
-0.118975326 0.073496714 0.990173221 71.050567627 0.027956648 0.997109175 -0.070652381 -4.431970596 -0.992503583 0.019276030 -0.120686114 81.559768677
-0.118778400 0.071519330 0.990341604 72.186454773 0.026067279 0.997283280 -0.068894215 -4.521297455 -0.992578566 0.017632367 -0.120320044 81.425331116
-0.118811615 0.072248742 0.990284801 73.326843262 0.023541890 0.997273803 -0.069934145 -4.599422455 -0.992637634 0.015004186 -0.120188594 81.294113159
-0.118913218 0.077702709 0.989859521 74.460166931 0.024533851 0.996858835 -0.075304829 -4.685231209 -0.992601514 0.015330328 -0.120446026 81.165046692
-0.117716976 0.080274716 0.989797175 75.587844849 0.024196710 0.996663272 -0.077953860 -4.775733948 -0.992752314 0.014773344 -0.119266570 81.024589539
-0.117174119 0.079344332 0.989936709 76.734619141 0.024330307 0.996733427 -0.077009253 -4.864429474 -0.992813230 0.015061973 -0.118721850 80.889503479
-0.116891481 0.072101131 0.990523994 77.882911682 0.025528863 0.997249842 -0.069578066 -4.962269783 -0.992816508 0.017153861 -0.118410669 80.754196167
-0.117272206 0.070790529 0.990573525 79.042404175 0.024557972 0.997357845 -0.068368018 -5.046647072 -0.992796063 0.016308801 -0.118700840 80.618865967
-0.117149889 0.073330984 0.990403116 80.198295593 0.022141684 0.997215152 -0.071216330 -5.138282299 -0.992867410 0.013586206 -0.118447334 80.495941162
-0.117023937 0.076872364 0.990149438 81.342193604 0.021861345 0.996957600 -0.074817158 -5.218314171 -0.992888451 0.012890602 -0.118348412 80.365715027
-0.117079318 0.076210886 0.990194023 82.514060974 0.020782901 0.997020841 -0.074278995 -5.310575485 -0.992905080 0.011882572 -0.118314400 80.233291626
-0.116133220 0.073006921 0.990546703 83.699218750 0.020980470 0.997252703 -0.071041375 -5.399955273 -0.993012071 0.012531873 -0.117345870 80.084449768
-0.116021939 0.071509682 0.990669131 84.878372192 0.020009857 0.997370780 -0.069649965 -5.497449398 -0.993045032 0.011742220 -0.117147803 79.958320618
-0.114720851 0.071848050 0.990796089 86.064910889 0.021475336 0.997327268 -0.069835111 -5.587808132 -0.993165553 0.013266134 -0.115957201 79.821342468
-0.113472261 0.072475567 0.990894318 87.260597229 0.023966106 0.997245312 -0.070195630 -5.674268246 -0.993252039 0.015782617 -0.114896633 79.677169800
-0.112639762 0.071674362 0.991047502 88.451614380 0.024077971 0.997298956 -0.069389842 -5.767466545 -0.993344128 0.016046353 -0.114061318 79.541519165
-0.111433767 0.072235867 0.991143107 89.654655457 0.025142932 0.997240305 -0.069853432 -5.858566284 -0.993453801 0.017136205 -0.112942494 79.407173157
-0.110101424 0.070731044 0.991400540 90.850288391 0.024723185 0.997350812 -0.068409912 -5.945523262 -0.993612826 0.016978545 -0.111558467 79.278045654
-0.108774051 0.069486067 0.991634905 92.083908081 0.023496184 0.997454941 -0.067316547 -6.039782524 -0.993788838 0.015977334 -0.110129870 79.130790710
-0.107187152 0.068902880 0.991848409 93.299705505 0.024510004 0.997475684 -0.066645063 -6.125296116 -0.993936658 0.017166713 -0.108605392 78.999794006
-0.104762658 0.069648080 0.992055416 94.524833679 0.022736806 0.997451663 -0.067625895 -6.217271805 -0.994237185 0.015471500 -0.106079288 78.864006042
-0.104540683 0.072342791 0.991885960 95.755538940 0.022679593 0.997264802 -0.070344798 -6.302628994 -0.994261920 0.015141675 -0.105895467 78.745643616
-0.103797302 0.071036294 0.992058456 96.977340698 0.019665677 0.997397721 -0.069361031 -6.388342381 -0.994403958 0.012310010 -0.104924172 78.629959106
-0.102792278 0.069616929 0.992263615 98.217720032 0.017689826 0.997518003 -0.068153009 -6.492739201 -0.994545460 0.010547369 -0.103768647 78.501220703
-0.102612227 0.070899494 0.992191553 99.460166931 0.014667422 0.997456074 -0.069758780 -6.577443123 -0.994613290 0.007394786 -0.103391096 78.375091553
-0.103121825 0.070252679 0.992184699 100.698509216 0.011834860 0.997518718 -0.069400318 -6.668688297 -0.994598329 0.004585680 -0.103697382 78.257156372
-0.104412764 0.067681767 0.992228329 101.942565918 0.009076403 0.997704923 -0.067100219 -6.760533333 -0.994492710 0.001999742 -0.104787447 78.133781433
-0.105328105 0.066292472 0.992225409 103.201942444 0.007363994 0.997800231 -0.065883227 -6.854194641 -0.994410276 0.000367387 -0.105584569 78.006996155
-0.107342631 0.065891072 0.992036223 104.463584900 0.005144614 0.997824967 -0.065718889 -6.940227509 -0.994208813 -0.001950794 -0.107448138 77.886856079
-0.108503945 0.065327570 0.991947174 105.708625793 0.005140370 0.997861922 -0.065154813 -7.039710522 -0.994082689 -0.001970581 -0.108607776 77.749168396
-0.110495619 0.064292409 0.991794944 106.972106934 0.004556905 0.997927785 -0.064182289 -7.124265671 -0.993866086 -0.002572346 -0.110559642 77.608383179
-0.114219956 0.059402101 0.991677999 108.242370605 0.001795479 0.998221576 -0.059587255 -7.213553905 -0.993453801 -0.005025519 -0.114123486 77.480232239
-0.118682645 0.059310474 0.991159260 109.492935181 0.000783795 0.998219728 -0.059639111 -7.296874523 -0.992931962 -0.006301264 -0.118517831 77.339233398
-0.123846874 0.065485992 0.990138113 110.736053467 -0.003278890 0.997787595 -0.066402026 -7.383418560 -0.992295921 -0.011470237 -0.123358123 77.187347412
-0.131243438 0.068383969 0.988988698 111.956153870 -0.002460166 0.997592509 -0.069305353 -7.474479198 -0.991347075 -0.011528949 -0.130759209 77.038459778
-0.139452398 0.064439580 0.988129854 113.212562561 -0.000619565 0.997874498 -0.065162525 -7.568211079 -0.990228534 -0.009699279 -0.139116079 76.850433350
-0.150249332 0.062287793 0.986683905 114.439277649 0.001724706 0.998028398 -0.062741302 -7.659877300 -0.988646626 -0.007725100 -0.150060490 76.667366028
-0.163536951 0.063138641 0.984514713 115.657951355 0.001788524 0.997967184 -0.063704282 -7.750939369 -0.986535490 -0.008657177 -0.163317427 76.478485107
-0.177655295 0.063389398 0.982049108 116.873420715 0.003813340 0.997960150 -0.063726582 -7.837582588 -0.984085441 -0.007576479 -0.177534595 76.263015747
-0.191975981 0.061306413 0.979482830 118.092941284 0.004334111 0.998090148 -0.061621588 -7.923354149 -0.981389999 -0.007584677 -0.191875070 76.026550293
-0.207324460 0.064046293 0.976173341 119.293716431 0.008354012 0.997934103 -0.063699737 -8.008797646 -0.978236496 -0.005051550 -0.207431212 75.772178650
-0.222826168 0.067092113 0.972546756 120.471817017 0.008612595 0.997725487 -0.066855825 -8.099826813 -0.974820077 -0.006521075 -0.222897202 75.514114380
-0.237297952 0.071088389 0.968832314 121.645370483 0.008863981 0.997435749 -0.071016118 -8.192211151 -0.971396446 -0.008264267 -0.237319618 75.219451904
-0.253547966 0.069068767 0.964853823 122.815299988 0.005227508 0.997530997 -0.070034236 -8.283764839 -0.967308760 -0.012713257 -0.253282994 74.929748535
-0.269231439 0.063173600 0.961001277 123.997215271 -0.000343763 0.997839928 -0.065691583 -8.383643150 -0.963075519 -0.018016599 -0.268628150 74.605117798
-0.285128266 0.059120648 0.956664264 125.163040161 -0.004360449 0.998005629 -0.062975086 -8.470851898 -0.958479583 -0.022127466 -0.284301758 74.277374268
-0.300405651 0.060431909 0.951895118 126.327072144 -0.007065115 0.997822523 -0.065577313 -8.557991028 -0.953785419 -0.026425045 -0.299324483 73.932266235
-0.314722240 0.062714949 0.947109580 127.467498779 -0.006882911 0.997637808 -0.068347953 -8.642347336 -0.949158847 -0.028029498 -0.313547194 73.561752319
-0.328591019 0.064737245 0.942251086 128.615020752 -0.005277080 0.997506797 -0.070373870 -8.738273621 -0.944457531 -0.028096547 -0.327430069 73.174606323
-0.343082994 0.064725846 0.937072277 129.745330811 -0.003163686 0.997537732 -0.070060633 -8.831257820 -0.939299703 -0.027001210 -0.342033416 72.777145386
-0.356813759 0.062292166 0.932096303 130.879074097 -0.003449149 0.997679830 -0.067995459 -8.934507370 -0.934169054 -0.027476661 -0.355770975 72.351608276
-0.371439070 0.061308824 0.926430881 131.999557495 -0.003675125 0.997712553 -0.067499541 -9.022721291 -0.928450048 -0.028476711 -0.370364040 71.908317566
-0.386273563 0.062119491 0.920289993 133.099304199 -0.005029657 0.997572899 -0.069447167 -9.122879028 -0.922370553 -0.031454351 -0.385023594 71.465377808
-0.401335746 0.064403750 0.913663805 134.190689087 -0.004172797 0.997385800 -0.072138220 -9.210105896 -0.915921509 -0.032764178 -0.400017887 70.999244690
-0.415936500 0.066447519 0.906962752 135.296508789 -0.002592076 0.997236371 -0.074250013 -9.305501938 -0.909389973 -0.033234213 -0.414614767 70.501945496
-0.430332899 0.069136128 0.900018692 136.375457764 0.000613400 0.997084856 -0.076299094 -9.404740334 -0.902670026 -0.032281943 -0.429120839 69.989219666
-0.445366263 0.072121508 0.892439008 137.462936401 -0.000140806 0.996744812 -0.080621146 -9.505537987 -0.895348489 -0.036031589 -0.443906367 69.464347839
-0.460225165 0.074621812 0.884660602 138.526062012 0.001078098 0.996507645 -0.083495349 -9.604152679 -0.887801528 -0.037472919 -0.458698362 68.914215088
-0.475831777 0.071699269 0.876608908 139.605926514 -0.000441344 0.996652186 -0.081757382 -9.709043503 -0.879536152 -0.039289631 -0.474207133 68.356307983
-0.492079347 0.067069449 0.867962778 140.676284790 -0.003359333 0.996874154 -0.078935236 -9.814363480 -0.870543838 -0.041758172 -0.490315855 67.769332886
-0.508078039 0.067305446 0.858677268 141.748306274 -0.003880159 0.996753156 -0.080424108 -9.918439865 -0.861302257 -0.044193525 -0.506167233 67.154235840
-0.523966551 0.066433527 0.849144042 142.797698975 -0.005129049 0.996689379 -0.081141762 -10.019460678 -0.851723373 -0.046870872 -0.521891057 66.525062561
-0.539737344 0.065589488 0.839274466 143.850646973 -0.005433906 0.996667981 -0.081384361 -10.121675491 -0.841815948 -0.048486732 -0.537582517 65.857971191
-0.555338085 0.065149419 0.829068959 144.878601074 -0.006656026 0.996546566 -0.082768477 -10.227129936 -0.831598043 -0.051482793 -0.552986562 65.185890198
-0.570763052 0.064428441 0.818583131 145.909667969 -0.006687372 0.996519208 -0.083096087 -10.338730812 -0.821087599 -0.052902345 -0.568345428 64.482208252
-0.586035728 0.061911449 0.807916462 146.922027588 -0.006983106 0.996653795 -0.081439890 -10.442842484 -0.810255170 -0.053368453 -0.583642304 63.761932373
-0.600812793 0.058392122 0.797254205 147.936523438 -0.007106189 0.996899009 -0.078369662 -10.545980453 -0.799358130 -0.052750941 -0.598534763 63.009994507
-0.615832806 0.056368001 0.785857856 148.937606812 -0.006755302 0.997023046 -0.076808207 -10.649139404 -0.787847877 -0.052609723 -0.613618731 62.235408783
-0.630437136 0.055064231 0.774284661 149.899719238 -0.007232358 0.997020781 -0.076793119 -10.751020432 -0.776206553 -0.054013152 -0.628160834 61.471748352
-0.645186424 0.056183904 0.761956573 150.862731934 -0.008135231 0.996730804 -0.080383830 -10.859002113 -0.763981760 -0.058061253 -0.642620146 60.674327850
-0.660562813 0.055493124 0.748717248 151.815826416 -0.010437564 0.996489406 -0.083066046 -10.963383675 -0.750698209 -0.062685117 -0.657664478 59.860561371
-0.676496089 0.052267622 0.734589219 152.763092041 -0.012083303 0.996556222 -0.082034886 -11.074501038 -0.736347079 -0.064372532 -0.673534811 59.018215179
-0.692792416 0.044841301 0.719741523 153.694946289 -0.015736077 0.996887207 -0.077254876 -11.179807663 -0.720965326 -0.064847499 -0.689930320 58.156116486
-0.709567010 0.042342614 0.703364611 154.611083984 -0.016375650 0.996932387 -0.076535471 -11.288158417 -0.704447687 -0.065825097 -0.706697047 57.256290436
-0.726894677 0.039551377 0.685609043 155.508224487 -0.018463805 0.996853769 -0.077082105 -11.391994476 -0.686500728 -0.068689503 -0.723877430 56.333023071
-0.744375110 0.035683725 0.666807473 156.386337280 -0.021800097 0.996740401 -0.077675864 -11.495676994 -0.667405725 -0.072356455 -0.741170764 55.390819550
-0.760890961 0.033850402 0.647996247 157.234878540 -0.021195071 0.996808946 -0.076959580 -11.604236603 -0.648533463 -0.072292179 -0.757745445 54.425228119
-0.776879489 0.035979491 0.628620625 158.058013916 -0.019056482 0.996565163 -0.080589958 -11.709331512 -0.629360855 -0.074587986 -0.773525417 53.429718018
-0.791843951 0.036099523 0.609655738 158.850097656 -0.014695412 0.996836245 -0.078112602 -11.824230194 -0.610546649 -0.070812151 -0.788808286 52.413516998
-0.806621015 0.036430400 0.589945197 159.638458252 -0.011862499 0.996899903 -0.077780113 -11.934816360 -0.590949774 -0.069737300 -0.803688347 51.389789581
-0.821104527 0.037591685 0.569538653 160.386810303 -0.010211943 0.996701598 -0.080508620 -12.044204712 -0.570686460 -0.071922101 -0.818012357 50.343513489
-0.834872723 0.038780857 0.549075246 161.113433838 -0.009601369 0.996337295 -0.084969647 -12.159597397 -0.550359190 -0.076210730 -0.831442475 49.275321960
-0.847567618 0.039617762 0.529206514 161.801177979 -0.006166924 0.996406913 -0.084470414 -12.281719208 -0.530651629 -0.074857973 -0.844277918 48.188602448
-0.859148502 0.037861243 0.510324001 162.468078613 -0.004852420 0.996611655 -0.082108416 -12.395572662 -0.511703551 -0.073019639 -0.856053531 47.087863922
-0.869662523 0.039430581 0.492069393 163.110260010 -0.002189518 0.996486843 -0.083720319 -12.511595726 -0.493641734 -0.073885836 -0.866521060 45.969596863
-0.878962994 0.042388458 0.475002289 163.721298218 0.000713180 0.996157587 -0.087575823 -12.624471664 -0.476889312 -0.076637179 -0.875615895 44.846309662
-0.887908340 0.039990745 0.458278835 164.319335938 -0.001105777 0.996025741 -0.089058526 -12.744104385 -0.460019052 -0.079582565 -0.884335399 43.712436676
-0.896197677 0.037298195 0.442083925 164.908859253 -0.002122683 0.996087968 -0.088342115 -12.866874695 -0.443649441 -0.080110416 -0.892612696 42.560928345
-0.903287172 0.035233781 0.427587360 165.470458984 -0.003060904 0.996067584 -0.088543549 -12.990713120 -0.429025620 -0.081289046 -0.899627209 41.398311615
-0.909905195 0.033107903 0.413493246 166.013946533 -0.003703187 0.996121705 -0.087907255 -13.115447044 -0.414800048 -0.081518494 -0.906253576 40.227027893
-0.916234076 0.030638458 0.399470270 166.538070679 -0.004637119 0.996193945 -0.087041572 -13.238073349 -0.400616705 -0.081602834 -0.912604630 39.059341431
-0.921639979 0.025412753 0.387212932 167.049743652 -0.007477273 0.996504903 -0.083197877 -13.365240097 -0.387973845 -0.079573773 -0.918228865 37.840408325
-0.926857650 0.022168152 0.374757707 167.552886963 -0.008485440 0.996762872 -0.079948165 -13.478673935 -0.375316858 -0.077280551 -0.923669338 36.652839661
-0.931040883 0.022999480 0.364189178 168.034912109 -0.005451804 0.997023761 -0.076902010 -13.590772629 -0.364873976 -0.073584408 -0.928144515 35.434013367
-0.934404731 0.027015155 0.355187029 168.499816895 -0.001071948 0.996902168 -0.078643367 -13.699934959 -0.356211245 -0.073865473 -0.931481242 34.242366791
-0.936592340 0.031927310 0.348963469 168.946472168 0.004053281 0.996761143 -0.080316804 -13.811199188 -0.350397557 -0.073809639 -0.933688223 33.033508301
-0.938426733 0.036047377 0.343592405 169.400527954 0.007980203 0.996538043 -0.082754306 -13.923182487 -0.345385969 -0.074916914 -0.935465693 31.814924240
-0.940299928 0.032901518 0.338752896 169.846115112 0.005572010 0.996671200 -0.081335515 -14.040365219 -0.340301305 -0.074592240 -0.937353253 30.611129761
-0.942097187 0.025663178 0.334356695 170.292114258 -0.000459516 0.996967614 -0.077815913 -14.151648521 -0.335339814 -0.073463783 -0.939228594 29.406442642
-0.944039404 0.019637782 0.329247385 170.749160767 -0.005644947 0.997117817 -0.075658113 -14.263445854 -0.329784214 -0.073282830 -0.941207767 28.159397125
-0.945844829 0.012911328 0.324362159 171.186447144 -0.012933700 0.996916473 -0.077397399 -14.365606308 -0.324361295 -0.077401139 -0.942761242 26.955276489
-0.946991920 0.011143088 0.321063697 171.615020752 -0.015437712 0.996665299 -0.080125280 -14.474448204 -0.320885897 -0.080834486 -0.943662047 25.725866318
-0.947777212 0.011045533 0.318741888 172.034454346 -0.016041774 0.996484101 -0.082231835 -14.587778091 -0.318529546 -0.083050646 -0.944267809 24.516700745
-0.947917521 0.011658015 0.318302453 172.449707031 -0.016001858 0.996325076 -0.084145159 -14.706269264 -0.318113744 -0.084856093 -0.944247365 23.279335022
-0.947938442 0.014120019 0.318140388 172.864181519 -0.014015125 0.996198773 -0.085974045 -14.821648598 -0.318145066 -0.085956894 -0.944137216 22.074420929
-0.947306097 0.015520855 0.319953501 173.274414062 -0.013266789 0.996067464 -0.087598749 -14.941913605 -0.320054978 -0.087227583 -0.943374872 20.846733093
-0.947047770 0.016762517 0.320655167 173.696426392 -0.012488781 0.995957732 -0.088949867 -15.068576813 -0.320850074 -0.088244356 -0.943010151 19.637348175
-0.946226716 0.018044023 0.323000312 174.113555908 -0.011323738 0.995983958 -0.088812269 -15.189077377 -0.323305637 -0.087694101 -0.942222476 18.421985626
-0.945416510 0.017534856 0.325391948 174.535461426 -0.012072736 0.995980918 -0.088748813 -15.316600800 -0.325640291 -0.087832972 -0.941405177 17.209342957
-0.944206834 0.016258253 0.328951567 174.971786499 -0.013781846 0.995955527 -0.088783324 -15.442135811 -0.329064578 -0.088363394 -0.940164030 16.007720947
-0.942837715 0.014665344 0.332929432 175.410278320 -0.014971855 0.996158361 -0.086279660 -15.565933228 -0.332915753 -0.086332306 -0.938996196 14.823520660
-0.940935612 0.012773943 0.338344753 175.855575562 -0.016530773 0.996363163 -0.083588965 -15.685129166 -0.338182002 -0.084244922 -0.937302411 13.630142212
-0.938151300 0.009966888 0.346081764 176.286712646 -0.019019507 0.996592581 -0.080258802 -15.802788734 -0.345702440 -0.081877202 -0.934765160 12.441520691
-0.935688138 0.011954041 0.352625638 176.740509033 -0.017492859 0.996625066 -0.080202766 -15.913608551 -0.352394283 -0.081213214 -0.932321131 11.271095276
-0.932167113 0.012900571 0.361798316 177.188262939 -0.017303927 0.996635079 -0.080120079 -16.025674820 -0.361614555 -0.080945827 -0.928807139 10.091846466
-0.928564250 0.015531124 0.370846242 177.656127930 -0.016338043 0.996445417 -0.082640313 -16.135824203 -0.370811522 -0.082795754 -0.925010085 8.942897797
-0.924257755 0.016802713 0.381398946 178.140411377 -0.015592825 0.996535778 -0.081689514 -16.249498367 -0.381450415 -0.081449255 -0.920794010 7.764801025
-0.919333339 0.019424558 0.392999709 178.634475708 -0.014277363 0.996476293 -0.082650863 -16.363830566 -0.393220365 -0.081594683 -0.915816605 6.611278534
-0.914005041 0.020795189 0.405169398 179.155242920 -0.014507309 0.996371448 -0.083864890 -16.478610992 -0.405443281 -0.082530849 -0.910386920 5.486923218
-0.907914102 0.022861686 0.418532252 179.686660767 -0.013147639 0.996466815 -0.082951397 -16.599731445 -0.418949932 -0.080815464 -0.904405713 4.336807251
-0.901408732 0.022411762 0.432388633 180.236221313 -0.014153204 0.996600449 -0.081161700 -16.700637817 -0.432737678 -0.079279557 -0.898027182 3.171043396
-0.895032883 0.024956936 0.445301265 180.805953979 -0.012679829 0.996605694 -0.081340648 -16.816627502 -0.445819765 -0.078448907 -0.891678512 2.038536072
-0.887941360 0.027306234 0.459145367 181.368255615 -0.011042673 0.996682942 -0.080630042 -16.922479630 -0.459824026 -0.076664947 -0.884694517 0.921875000
-0.880709887 0.028738920 0.472783297 181.963775635 -0.009637493 0.996863663 -0.078548923 -17.028558731 -0.473557949 -0.073735267 -0.877670765 -0.180999756
-0.873414874 0.030258710 0.486035794 182.575515747 -0.007762772 0.997075737 -0.076023921 -17.134860992 -0.486914933 -0.070173427 -0.870625913 -1.265296936
-0.864870131 0.033617169 0.500868797 183.181961060 -0.003967555 0.997266233 -0.073785186 -17.242088318 -0.501979947 -0.065801807 -0.862372458 -2.332031250
-0.856606126 0.036404684 0.514684856 183.819519043 -0.001459442 0.997332931 -0.072972372 -17.341037750 -0.515968621 -0.063259721 -0.854268432 -3.353889465
-0.845447898 0.039753243 0.532576144 184.447463989 0.002197218 0.997476280 -0.070966892 -17.445735931 -0.534053266 -0.058828622 -0.843401551 -4.407798767
-0.834943235 0.042457961 0.548695803 185.105926514 0.004791904 0.997542679 -0.069897853 -17.544658661 -0.550315142 -0.055731457 -0.833094954 -5.405624390
-0.823450685 0.043841220 0.565691411 185.785903931 0.005847279 0.997613072 -0.068803631 -17.647758484 -0.567357659 -0.053348649 -0.821741462 -6.418342590
-0.812325120 0.045603555 0.581419110 186.499511719 0.006458330 0.997580409 -0.069221929 -17.740440369 -0.583169043 -0.052475717 -0.810654104 -7.391639709
-0.798822582 0.048350602 0.599620461 187.226486206 0.009128237 0.997624218 -0.068283014 -17.841194153 -0.601497471 -0.049072534 -0.797366142 -8.390930176
-0.785221934 0.049293514 0.617249250 187.979888916 0.010268733 0.997725904 -0.066615187 -17.926441193 -0.619129360 -0.045969341 -0.783942401 -9.349746704
-0.770251155 0.051968947 0.635619581 188.749832153 0.013371693 0.997771084 -0.065374888 -18.007541656 -0.637600422 -0.041855767 -0.769229293 -10.276321411
