1.000000000 0.000000000 0.000000000 0.000000000 0.000000000 1.000000000 0.000000000 0.000000000 0.000000000 0.000000000 1.000000000 0.000000000
0.999998331 0.000870281 0.001594616 -0.010052276 -0.000862952 0.999989092 -0.004591415 -0.002580072 -0.001598594 0.004590032 0.999988198 0.966358483
0.999996424 -0.001095057 0.002433007 -0.007104252 0.001108327 0.999984503 -0.005459687 0.000149471 -0.002426990 0.005462364 0.999982119 1.913908839
0.999993324 -0.002561531 0.002659126 -0.011413123 0.002565724 0.999995470 -0.001574202 0.001906900 -0.002655082 0.001581013 0.999995232 2.869718313
0.999984980 -0.005096210 0.002012898 -0.011281882 0.005086829 0.999976277 0.004638503 -0.001582613 -0.002036489 -0.004628194 0.999987185 3.818650961
0.999961555 -0.008746136 0.000631728 -0.005904663 0.008743200 0.999951601 0.004507693 0.003152603 -0.000671122 -0.004501996 0.999989629 4.760885715
0.999938905 -0.011043847 -0.000301451 -0.006518340 0.011044297 0.999937832 0.001540195 0.008039207 0.000284422 -0.001543431 0.999998748 5.700564861
0.999928176 -0.011938746 -0.000983400 -0.016383398 0.011936844 0.999926865 -0.001916549 0.010071095 0.001006209 0.001904673 0.999997675 6.625665188
0.999933600 -0.011431981 -0.001464767 -0.019454589 0.011428577 0.999931991 -0.002310682 0.007582577 0.001491083 0.002293789 0.999996185 7.555342197
0.999932468 -0.011231658 -0.002976025 -0.023953618 0.011230285 0.999936819 -0.000477871 0.007326904 0.002981204 0.000444417 0.999995410 8.469052315
0.999936640 -0.010833497 -0.003054639 -0.038550757 0.010840968 0.999938250 0.002440669 0.008832446 0.003028010 -0.002473630 0.999992311 9.414004326
0.999931157 -0.010971695 -0.004182224 -0.036971413 0.010987287 0.999932706 0.003723554 0.013142500 0.004141089 -0.003769249 0.999984264 10.326816559
0.999917626 -0.011891065 -0.004807429 -0.044816177 0.011912326 0.999919295 0.004418680 0.017764531 0.004754498 -0.004475585 0.999978721 11.247660637
0.999908328 -0.012324439 -0.005611870 -0.051101364 0.012349834 0.999913573 0.004513178 0.021458656 0.005555762 -0.004582070 0.999974012 12.144424438
0.999899030 -0.012882191 -0.005996753 -0.065923408 0.012901019 0.999911964 0.003111891 0.023718378 0.005956137 -0.003188941 0.999977231 13.048351288
0.999891162 -0.013037928 -0.006914332 -0.086376898 0.013046151 0.999914289 0.001145378 0.027180998 0.006898805 -0.001235459 0.999975443 13.961400032
0.999851346 -0.014495349 -0.009337674 -0.079071835 0.014493330 0.999894917 -0.000284101 0.033410199 0.009340810 0.000148725 0.999956369 14.853394508
0.999836087 -0.014293482 -0.011118887 -0.090602137 0.014280985 0.999897301 -0.001202476 0.036075249 0.011134932 0.001043490 0.999937534 15.757114410
0.999842465 -0.012832267 -0.012263643 -0.119951747 0.012805271 0.999915421 -0.002277396 0.040119689 0.012291830 0.002119998 0.999922216 16.647022247
0.999843657 -0.011420870 -0.013501329 -0.143861622 0.011396021 0.999933183 -0.001916003 0.033149134 0.013522311 0.001761841 0.999907017 17.546091080
0.999807775 -0.012518877 -0.015089012 -0.156057268 0.012500461 0.999921024 -0.001314082 0.037311539 0.015104273 0.001125210 0.999885201 18.437654495
0.999790370 -0.011912767 -0.016651340 -0.175152227 0.011914678 0.999929070 0.000015541 0.036915015 0.016649971 -0.000213933 0.999861360 19.320817947
0.999764979 -0.011739528 -0.018226078 -0.194253281 0.011755181 0.999930620 0.000751883 0.032777511 0.018215988 -0.000965957 0.999833584 20.199052811
0.999729276 -0.012981496 -0.019305985 -0.219841510 0.013016608 0.999913871 0.001694128 0.022010015 0.019282330 -0.001944968 0.999812186 21.070821762
0.999699175 -0.012818507 -0.020909222 -0.240083069 0.012812906 0.999917805 -0.000401817 0.040164113 0.020912658 0.000133788 0.999781311 21.943809509
0.999666333 -0.012702774 -0.022491485 -0.260507673 0.012699761 0.999919295 -0.000276770 0.043637130 0.022493185 -0.000008959 0.999747038 22.809377670
0.999639988 -0.012597376 -0.023690093 -0.280542552 0.012652941 0.999917507 0.002197083 0.039593995 0.023660464 -0.002496042 0.999716997 23.662935257
0.999616086 -0.013744932 -0.024056613 -0.306190372 0.013870817 0.999890864 0.005073803 0.039086320 0.023984252 -0.005405540 0.999697685 24.523115158
0.999593079 -0.013855090 -0.024932146 -0.327122390 0.014031321 0.999877751 0.006907389 0.039396927 0.024833390 -0.007254410 0.999665320 25.363729477
0.999591708 -0.012881448 -0.025503438 -0.357422978 0.013033454 0.999898195 0.005802995 0.040094689 0.025426093 -0.006133023 0.999657929 26.190824509
0.999591708 -0.011476100 -0.026167953 -0.382866263 0.011558571 0.999928653 0.003002562 0.043056555 0.026131626 -0.003303800 0.999653041 26.994180679
0.999580741 -0.010867831 -0.026839359 -0.409771889 0.010900212 0.999940038 0.001060491 0.047813274 0.026826225 -0.001352601 0.999639213 27.799119949
0.999568224 -0.010052038 -0.027611470 -0.440678388 0.010077115 0.999948978 0.000769249 0.049370874 0.027602326 -0.001047161 0.999618411 28.590911865
0.999548078 -0.009690063 -0.028458182 -0.473531485 0.009706071 0.999952793 0.000424418 0.045522444 0.028452728 -0.000700443 0.999594867 29.383287430
0.999469817 -0.010190443 -0.030927362 -0.491593629 0.010179349 0.999948025 -0.000516183 0.045609601 0.030931020 0.000201089 0.999521494 30.154832840
0.999406457 -0.010224435 -0.032895826 -0.520343125 0.010208080 0.999947667 -0.000665108 0.045920469 0.032900911 0.000328910 0.999458551 30.921140671
0.999349535 -0.010136957 -0.034608915 -0.552126050 0.010161429 0.999948204 0.000531244 0.044093803 0.034601744 -0.000882574 0.999400914 31.662563324
0.999269426 -0.010474445 -0.036755782 -0.581951022 0.010585963 0.999939859 0.002840674 0.045545690 0.036723819 -0.003227694 0.999320269 32.418640137
0.999208689 -0.009196184 -0.038696669 -0.612915397 0.009365162 0.999947309 0.004187674 0.048310786 0.038656123 -0.004546762 0.999242246 33.167083740
0.999147415 -0.008075288 -0.040486466 -0.648655355 0.008269173 0.999955118 0.004623697 0.044724010 0.040447310 -0.004954545 0.999169409 33.893131256
0.999082208 -0.005663597 -0.042458303 -0.688443184 0.005830025 0.999975801 0.003797011 0.046224169 0.042435769 -0.004041059 0.999091029 34.597503662
0.999011517 -0.003959779 -0.044276010 -0.722338259 0.004110442 0.999986112 0.003312267 0.047608100 0.044262268 -0.003490987 0.999013841 35.301651001
0.998928845 -0.003617376 -0.046131317 -0.749762774 0.003823169 0.999983132 0.004373579 0.048005201 0.046114720 -0.004545262 0.998925745 36.024623871
0.998900533 -0.002120134 -0.046831727 -0.795843422 0.002419420 0.999976933 0.006334918 0.050020009 0.046817221 -0.006441258 0.998882651 36.702922821
0.998894393 0.000882665 -0.047002390 -0.833525598 -0.000571050 0.999977767 0.006642802 0.055193424 0.047007207 -0.006608616 0.998872697 37.394382477
0.998933494 0.003419260 -0.046048261 -0.864273727 -0.003207645 0.999983907 0.004668599 0.055100642 0.046063490 -0.004515913 0.998928249 38.066326141
0.999007285 0.004950489 -0.044269893 -0.899149537 -0.004882272 0.999986768 0.001648926 0.056059171 0.044277459 -0.001431152 0.999018252 38.706375122
0.999091029 0.005341914 -0.042292044 -0.927798510 -0.005370069 0.999985456 -0.000552140 0.065450199 0.042288482 0.000778750 0.999105155 39.361682892
0.999226451 0.006505501 -0.038783371 -0.962200284 -0.006493211 0.999978840 0.000442818 0.063716047 0.038785432 -0.000190647 0.999247551 40.000076294
0.999284923 0.011027929 -0.036167294 -0.985413074 -0.010923509 0.999935508 0.003083483 0.063661814 0.036198959 -0.002686204 0.999341011 40.650878906
0.999365270 0.015187967 -0.032224357 -1.014293671 -0.014982453 0.999865949 0.006609501 0.063537225 0.032320406 -0.006122506 0.999458849 41.270889282
0.999395072 0.020777049 -0.027892780 -1.041360378 -0.020583639 0.999762118 0.007203384 0.070359722 0.028035812 -0.006624891 0.999584973 41.874778748
0.999449193 0.024341058 -0.022559380 -1.061514258 -0.024173923 0.999678493 0.007651947 0.074049294 0.022738386 -0.007102382 0.999716282 42.464218140
0.999466836 0.028222276 -0.016419213 -1.079622865 -0.028063178 0.999557734 0.009840553 0.072932929 0.016689673 -0.009374529 0.999816775 43.034656525
0.999396563 0.033275779 -0.009957254 -1.090668797 -0.033165194 0.999388695 0.011071822 0.073494017 0.010319591 -0.010734908 0.999889076 43.583629608
0.999316931 0.036843657 -0.002858963 -1.097199917 -0.036810227 0.999262035 0.010975940 0.072891742 0.003261247 -0.010863204 0.999935687 44.115760803
0.999183357 0.040132333 0.004682872 -1.102581263 -0.040181112 0.999133706 0.010834858 0.077198237 -0.004243988 -0.011014174 0.999930382 44.621276855
0.998964787 0.043971051 0.011658831 -1.091904163 -0.044088639 0.998977363 0.010027856 0.083157033 -0.011205972 -0.010531496 0.999881744 45.114749908
0.998645663 0.048348848 0.019211255 -1.087883472 -0.048498098 0.998795986 0.007380370 0.086224407 -0.018831294 -0.008302084 0.999788165 45.591670990
0.998340905 0.050529696 0.027605576 -1.084871054 -0.050680514 0.998703361 0.004790331 0.080230877 -0.027327728 -0.006181449 0.999607444 46.034610748
0.998070538 0.051025510 0.035378795 -1.068567157 -0.051213313 0.998677969 0.004422147 0.084401026 -0.035106376 -0.006225479 0.999364257 46.462467194
0.997794032 0.050197363 0.043444782 -1.045753002 -0.050501499 0.998706341 0.005930880 0.083199516 -0.043090865 -0.008111824 0.999038279 46.858757019
0.997319341 0.052120667 0.051359411 -1.023211718 -0.052520972 0.998598874 0.006474884 0.087519273 -0.050949972 -0.009154974 0.998659313 47.251087189
0.996641755 0.055294044 0.060395710 -1.009987354 -0.055806719 0.998418212 0.006833788 0.084371746 -0.059922311 -0.010181328 0.998151124 47.603866577
0.995807648 0.060229428 0.068845466 -0.981230259 -0.060785744 0.998132706 0.006012447 0.088524938 -0.068354785 -0.010172060 0.997609258 47.925281525
0.994893312 0.064056218 0.077999517 -0.961590528 -0.064728484 0.997884214 0.006118830 0.086849600 -0.077442534 -0.011136374 0.996934652 48.230525970
0.994187891 0.063067995 0.087251544 -0.930623531 -0.063915320 0.997931123 0.006949254 0.080842674 -0.086632758 -0.012485573 0.996162057 48.514068604
0.993256807 0.061988853 0.097971193 -0.896007538 -0.062786356 0.998014033 0.005075177 0.081482023 -0.097462006 -0.011192208 0.995176256 48.784881592
0.992110550 0.060603287 0.109744750 -0.859969616 -0.061049365 0.998134494 0.000706004 0.077757359 -0.109497249 -0.007400280 0.993959546 49.052307129
0.990500987 0.061473146 0.122999683 -0.817235470 -0.061507076 0.998100400 -0.003524875 0.080264926 -0.122982696 -0.004073957 0.992400467 49.319274902
0.988347948 0.063251242 0.138447315 -0.774714947 -0.063086160 0.997992575 -0.005584671 0.073648304 -0.138522580 -0.003214512 0.990354061 49.570896149
0.985818565 0.064992711 0.154718339 -0.727285862 -0.064684369 0.997880876 -0.007031793 0.074887723 -0.154847503 -0.003075787 0.987933576 49.829055786
0.982965708 0.065588385 0.171687543 -0.673281670 -0.065149948 0.997841775 -0.008193264 0.072037429 -0.171854407 -0.003131737 0.985117316 50.085266113
0.979734004 0.064214587 0.189730987 -0.611726761 -0.063525349 0.997932851 -0.009718528 0.077806830 -0.189962879 -0.002531159 0.981787980 50.340091705
0.975841820 0.063489422 0.209049731 -0.543129921 -0.062856682 0.997975707 -0.009675763 0.066432208 -0.209240854 -0.003698159 0.977857053 50.562744141
0.971260309 0.063856825 0.229294106 -0.474928856 -0.063062482 0.997951150 -0.010797983 0.062628329 -0.229513854 -0.003972203 0.973297238 50.806449890
0.965922415 0.066233769 0.250213951 -0.396694183 -0.065015703 0.997797668 -0.013139953 0.059534729 -0.250533223 -0.003575660 0.968101382 51.068790436
0.959646106 0.067486286 0.272992760 -0.310142517 -0.065817334 0.997714698 -0.015277734 0.056699634 -0.273399949 -0.003306438 0.961894751 51.313911438
0.952299416 0.068536438 0.297369480 -0.220243454 -0.066714153 0.997639179 -0.016285380 0.048299491 -0.297783613 -0.004330197 0.954623580 51.550945282
0.943697095 0.071374312 0.323019236 -0.122146606 -0.069571890 0.997429729 -0.017138468 0.039790392 -0.323412240 -0.006299540 0.946237147 51.789367676
0.933803320 0.073447421 0.350166917 -0.013662338 -0.071599618 0.997266650 -0.018239038 0.032965124 -0.350549370 -0.008040138 0.936509728 52.033912659
0.922617257 0.074131899 0.378525913 0.108863831 -0.071999617 0.997207999 -0.019805351 0.027259171 -0.378937304 -0.008980958 0.925378799 52.269245148
0.909927070 0.072483584 0.408385515 0.247800827 -0.069634862 0.997332990 -0.021860769 0.017266870 -0.408880889 -0.008546162 0.912547708 52.501380920
0.894981444 0.069673792 0.440628797 0.391372681 -0.065568097 0.997545898 -0.024557106 0.009999871 -0.441258430 -0.006913037 0.897353470 52.717872620
0.877563000 0.069082096 0.474458456 0.545404434 -0.062932469 0.997600615 -0.028852135 0.000977516 -0.475313216 -0.004539276 0.879804969 52.934379578
0.858085155 0.070800714 0.508603036 0.718887329 -0.062190559 0.997487247 -0.033932172 -0.006788492 -0.509727478 -0.002513618 0.860332191 53.164268494
0.836224020 0.072631612 0.543556690 0.905132294 -0.061602827 0.997358084 -0.038498174 -0.015029073 -0.544916749 -0.001291530 0.838489175 53.391822815
0.811520457 0.075635836 0.579408050 1.107000351 -0.062704310 0.997133553 -0.042341821 -0.022739172 -0.580949783 -0.001970130 0.813937068 53.627464294
0.784186661 0.079126187 0.615459383 1.306869507 -0.065328024 0.996852100 -0.044922113 -0.042120814 -0.617076516 -0.004979426 0.786887407 53.837074280
0.754217744 0.083667874 0.651272058 1.532466888 -0.068981618 0.996456325 -0.048127692 -0.053558826 -0.652990937 -0.008627037 0.757316589 54.063056946
0.721069276 0.084734395 0.687662065 1.788032532 -0.068652555 0.996347308 -0.050783116 -0.070733309 -0.689453363 -0.010591617 0.724252522 54.288322449
0.684501469 0.082185298 0.724363983 2.071846008 -0.064792037 0.996551335 -0.051840801 -0.088993907 -0.726126492 -0.011447912 0.687465727 54.512142181
0.645245433 0.080672517 0.759704053 2.378614426 -0.061993506 0.996658742 -0.053181153 -0.111855745 -0.761455953 -0.012781825 0.648090661 54.730438232
0.602616668 0.080121316 0.793998539 2.699844360 -0.060135774 0.996677458 -0.054932460 -0.136171699 -0.795761824 -0.014644506 0.605432689 54.943744659
0.556398273 0.079962015 0.827059209 3.065029144 -0.056195382 0.996701062 -0.058558334 -0.150302052 -0.829013288 -0.013895155 0.559056222 55.155715942
0.507716119 0.078615166 0.857930064 3.440563202 -0.053011771 0.996791601 -0.059967630 -0.176041842 -0.859891832 -0.015033852 0.510254860 55.350830078
0.458874881 0.076987632 0.885159135 3.847959518 -0.051188946 0.996874928 -0.060167398 -0.195827723 -0.887025058 -0.017701052 0.461381853 55.530158997
0.408967167 0.074860431 0.909473360 4.308458328 -0.050789960 0.996951938 -0.059221987 -0.220557332 -0.911134601 -0.021972261 0.411522776 55.717094421
0.359012991 0.074464060 0.930357337 4.758827209 -0.053632021 0.996811092 -0.059086971 -0.243213058 -0.931790352 -0.028683953 0.361861825 55.865959167
0.309281200 0.075069711 0.948003054 5.241405487 -0.051577661 0.996736288 -0.062101804 -0.263127208 -0.949570954 -0.029688854 0.312143683 56.008522034
0.262801886 0.071741238 0.962179005 5.717734337 -0.040722318 0.997167885 -0.063227504 -0.293502092 -0.963990092 -0.022565857 0.264979094 56.086071014
0.218264014 0.065860994 0.973664820 6.203751564 -0.027166970 0.997743607 -0.061399773 -0.321030319 -0.975511491 -0.013050161 0.219560757 56.152954102
0.176155895 0.064671688 0.982235551 6.718455315 -0.018184755 0.997882962 -0.062440664 -0.352573216 -0.984194338 -0.006862421 0.176959023 56.205142975
0.137605399 0.066145085 0.988276005 7.259511471 -0.014853956 0.997793317 -0.064713843 -0.375793099 -0.990375817 -0.005774832 0.138284236 56.265483856
0.104761906 0.067261636 0.992220283 7.791426659 -0.006249436 0.997735023 -0.066975646 -0.404929161 -0.994477630 0.000815681 0.104944997 56.295284271
0.075816736 0.065688454 0.994955659 8.353327751 0.001030680 0.997821987 -0.065956227 -0.439873040 -0.997121215 0.006026067 0.075583920 56.316177368
0.050963994 0.063931301 0.996652126 8.920207977 0.007829152 0.997892737 -0.064411215 -0.474406600 -0.998669744 0.011085596 0.050356071 56.325004578
0.031159900 0.063109167 0.997520030 9.500567436 0.012798839 0.997897625 -0.063532852 -0.498409212 -0.999432385 0.014746777 0.030286677 56.323665619
0.015190212 0.065155372 0.997759521 10.075302124 0.015758252 0.997735083 -0.065393686 -0.523577034 -0.999760389 0.016716292 0.014129072 56.318363190
0.001783061 0.065175325 0.997872174 10.669960022 0.016437510 0.997736990 -0.065195873 -0.553424716 -0.999863327 0.016518785 0.000707706 56.313102722
-0.010020003 0.065809853 0.997781873 11.282650948 0.017271105 0.997694492 -0.065630645 -0.593629658 -0.999800682 0.016575178 -0.011133512 56.307437897
-0.018764516 0.068563797 0.997470260 11.902853012 0.022091080 0.997430801 -0.068145484 -0.633605838 -0.999579906 0.020756477 -0.020230953 56.279518127
-0.025253890 0.070792645 0.997171342 12.531645775 0.026078319 0.997196615 -0.070133984 -0.659902334 -0.999340892 0.024233392 -0.027029248 56.251014709
-0.029883172 0.070228949 0.997083187 13.173427582 0.026765043 0.997227192 -0.069436945 -0.692499578 -0.999194980 0.024611976 -0.031679999 56.230964661
-0.033388458 0.067348547 0.997170687 13.823184967 0.024516059 0.997482002 -0.066548705 -0.729551196 -0.999141812 0.022224735 -0.034955502 56.210632324
-0.035984054 0.060462773 0.997521758 14.517537117 0.022305707 0.997968018 -0.059685186 -0.770348787 -0.999103427 0.020102711 -0.037259605 56.195766449
-0.037295464 0.055021428 0.997788429 15.205015182 0.023455739 0.998256147 -0.054170489 -0.803062439 -0.999029040 0.021383548 -0.038520996 56.170337677
-0.037681710 0.052347578 0.997917771 15.878222466 0.026111206 0.998337567 -0.051383641 -0.836448967 -0.998948634 0.024120614 -0.038985927 56.138309479
-0.037276171 0.054725196 0.997805417 16.588142395 0.029439496 0.998126030 -0.053642984 -0.874740958 -0.998871326 0.027375286 -0.038817398 56.110038757
-0.036520563 0.062133253 0.997399390 17.301530838 0.030633057 0.997665882 -0.061028205 -0.905788958 -0.998863280 0.028324608 -0.038338639 56.076869965
-0.034295924 0.070314117 0.996935129 18.015777588 0.031433165 0.997104287 -0.069244705 -0.938021660 -0.998917282 0.028962016 -0.036406815 56.054901123
-0.031717137 0.071007557 0.996971369 18.749336243 0.032236494 0.997026980 -0.069985963 -0.973267317 -0.998976886 0.029919110 -0.033911880 56.025283813
-0.029474849 0.066613317 0.997343302 19.495317459 0.031530555 0.997342408 -0.065681405 -1.016638756 -0.999068022 0.029510846 -0.031496875 56.005401611
-0.027144648 0.060254764 0.997813821 20.239191055 0.031349152 0.997742116 -0.059397597 -1.063439131 -0.999139845 0.029668288 -0.028972290 55.994300842
-0.024679383 0.058548294 0.997979403 20.985607147 0.029835733 0.997881949 -0.057804760 -1.106123924 -0.999250054 0.028348865 -0.026373947 55.980529785
-0.021220841 0.064163871 0.997713745 21.713472366 0.037417147 0.997290254 -0.063340791 -1.146422386 -0.999074340 0.035987452 -0.023564165 55.957561493
-0.017714469 0.069581740 0.997419000 22.449131012 0.039135158 0.996859193 -0.068847649 -1.186821699 -0.999076903 0.037814546 -0.020381927 55.936828613
-0.015126649 0.070062920 0.997427881 23.182901382 0.033135887 0.997029126 -0.069532394 -1.232001185 -0.999336421 0.031998862 -0.017403310 55.937339783
-0.012614676 0.066209212 0.997726023 23.934665680 0.028641019 0.997419894 -0.065826774 -1.284637094 -0.999510169 0.027745504 -0.014478429 55.952297211
-0.007595506 0.062858865 0.997993529 24.690979004 0.032592278 0.997507632 -0.062580220 -1.325574398 -0.999439895 0.032051560 -0.009625289 55.925216675
-0.004002424 0.063883290 0.997949362 25.431726456 0.037100110 0.997279763 -0.063691638 -1.371271849 -0.999303579 0.036769107 -0.006361614 55.914691925
-0.001160993 0.068234995 0.997668624 26.164966583 0.036896423 0.996992886 -0.068145841 -1.418790936 -0.999318421 0.036731284 -0.003675130 55.917362213
0.002873332 0.069456406 0.997580886 26.914554596 0.032898612 0.997038424 -0.069513403 -1.456243873 -0.999454558 0.033018764 0.000579801 55.926803589
0.006132180 0.068959601 0.997600555 27.687185287 0.032571878 0.997076213 -0.069123566 -1.505771160 -0.999450684 0.032917593 0.003868107 55.934852600
0.009956491 0.066022731 0.997768462 28.432167053 0.036357168 0.997134209 -0.066343553 -1.552067399 -0.999289274 0.036936585 0.007527560 55.937793732
0.013665622 0.066635929 0.997683764 29.182760239 0.040587518 0.996917665 -0.067140721 -1.600517035 -0.999082565 0.041411035 0.010918912 55.945030212
0.016742781 0.067235403 0.997596681 29.931592941 0.043270148 0.996753037 -0.067904763 -1.652890921 -0.998923063 0.044303078 0.013779134 55.965232849
0.019744329 0.067022346 0.997556090 30.695508957 0.043785948 0.996735275 -0.067833833 -1.702454329 -0.998845816 0.045018278 0.016745234 55.969345093
0.023160554 0.065466434 0.997585893 31.443086624 0.045218527 0.996763766 -0.066462293 -1.751351833 -0.998708606 0.046648666 0.020125307 55.990795135
0.027145389 0.064750195 0.997532189 32.183403015 0.047381699 0.996694863 -0.065985218 -1.793929100 -0.998507977 0.049055967 0.023987701 56.009338379
0.029963905 0.065310933 0.997415006 32.962722778 0.044975247 0.996764421 -0.066619441 -1.834121466 -0.998538554 0.046855163 0.026929574 56.023941040
0.033189788 0.066906027 0.997207165 33.715984344 0.042047810 0.996779919 -0.068276815 -1.879583120 -0.998564184 0.044196472 0.030269660 56.055908203
0.036152221 0.067179628 0.997085750 34.471420288 0.044039380 0.996661484 -0.068747818 -1.925445557 -0.998375416 0.046396412 0.033072975 56.081180573
0.039093241 0.067114510 0.996979237 35.231674194 0.042572767 0.996723950 -0.068766676 -1.972170830 -0.998328209 0.045132469 0.036107928 56.113124847
0.041187730 0.067487024 0.996869683 35.991867065 0.040989920 0.996762216 -0.069173329 -2.017037630 -0.998310208 0.043710705 0.038288087 56.152141571
0.043442335 0.067220412 0.996791959 36.762222290 0.037862718 0.996906340 -0.068878278 -2.072448015 -0.998338223 0.040733486 0.040762790 56.196102142
0.046822514 0.069349810 0.996492982 37.528495789 0.036486104 0.996802628 -0.071085751 -2.118609905 -0.998236656 0.039686564 0.044142514 56.236103058
0.050088979 0.073098309 0.996066153 38.291339874 0.035162613 0.996570706 -0.074903548 -2.167568684 -0.998125553 0.038776129 0.047346886 56.278759003
0.053397115 0.074857585 0.995763600 39.060352325 0.035809781 0.996401310 -0.076825798 -2.224392891 -0.997931004 0.039760344 0.050524313 56.323341370
0.056009568 0.076951548 0.995460391 39.843639374 0.029742327 0.996454477 -0.078701831 -2.279766560 -0.997987092 0.034015369 0.053522266 56.381790161
0.058748133 0.076246582 0.995356798 40.618515015 0.025514394 0.996638477 -0.077850677 -2.330675602 -0.997946739 0.029969508 0.056605265 56.435634613
0.062975489 0.076846533 0.995052159 41.396873474 0.028009258 0.996502280 -0.078731194 -2.385455608 -0.997621953 0.032828808 0.060602799 56.482959747
0.066709995 0.078037418 0.994716048 42.167263031 0.026949003 0.996432126 -0.079979360 -2.444086075 -0.997408450 0.032142032 0.064368941 56.534172058
0.070213988 0.078911908 0.994405866 42.958419800 0.023142176 0.996468902 -0.080709681 -2.498627186 -0.997263491 0.028679663 0.068139866 56.609489441
0.074007064 0.076719306 0.994302332 43.754806519 0.022258917 0.996661007 -0.078558058 -2.557868004 -0.997009218 0.027945943 0.072052255 56.680465698
0.078972414 0.076677978 0.993923485 44.547115326 0.022461846 0.996647418 -0.078672826 -2.622605085 -0.996623695 0.028538331 0.076985322 56.731468201
0.084084511 0.080195427 0.993226409 45.339908600 0.019060092 0.996444404 -0.082068861 -2.682212353 -0.996276259 0.025831705 0.082257003 56.805362701
0.090033464 0.088937908 0.991959691 46.137874603 0.017188311 0.995717585 -0.090834908 -2.742342710 -0.995790362 0.025228295 0.088119216 56.895420074
0.097166233 0.093596607 0.990857422 46.913223267 0.016068375 0.995290935 -0.095591135 -2.805355072 -0.995138407 0.025209699 0.095204733 56.975021362
0.104511090 0.096385539 0.989842057 47.708572388 0.012028462 0.995097339 -0.098167263 -2.874717951 -0.994451046 0.022165846 0.102839321 57.068088531
0.111262217 0.094626248 0.989275813 48.518058777 0.008046163 0.995338142 -0.096111059 -2.948121309 -0.993758559 0.018653408 0.109982133 57.178627014
0.118662909 0.093447037 0.988527656 49.307258606 0.008828651 0.995422900 -0.095158651 -3.007049322 -0.992895365 0.020019168 0.117294773 57.275665283
0.126778603 0.089623235 0.987873852 50.107883453 0.007569532 0.995793462 -0.091313154 -3.087653160 -0.991902173 0.019054297 0.125566900 57.365409851
0.134132251 0.084046863 0.987392783 50.912006378 0.005648545 0.996315777 -0.085573725 -3.155128479 -0.990947366 0.017055526 0.133163318 57.483230591
0.141175151 0.076533817 0.987021804 51.726467133 0.003666884 0.996959984 -0.077828899 -3.215310812 -0.989977777 0.014606800 0.140465304 57.614612579
0.148857415 0.074413545 0.986054838 52.535343170 0.003443365 0.997119546 -0.075768374 -3.275362968 -0.988852680 0.014674034 0.148172408 57.741752625
0.156593487 0.075975530 0.984736621 53.323326111 0.003758675 0.996983826 -0.077518143 -3.337198019 -0.987655997 0.015840141 0.155835569 57.862297058
0.162088677 0.082492284 0.983322084 54.099193573 0.003336052 0.996448100 -0.084143355 -3.406454802 -0.986770570 0.016919099 0.161237761 57.992393494
0.167357787 0.086401850 0.982102931 54.882671356 0.002104009 0.996118844 -0.087993465 -3.462221146 -0.985893965 0.016792746 0.166526467 58.129714966
0.172005728 0.089716546 0.981002092 55.654308319 0.000754567 0.995831966 -0.091205090 -3.525621891 -0.985095680 0.016428029 0.171221077 58.281124115
0.177478284 0.089005671 0.980091572 56.421100616 -0.001674099 0.995927691 -0.090140656 -3.594800711 -0.984123230 0.014357239 0.176904544 58.422790527
0.182712823 0.085749760 0.979419589 57.171195984 0.001600113 0.996161997 -0.087514065 -3.666503906 -0.983165026 0.017557126 0.181874365 58.559623718
0.187408164 0.078961618 0.979103267 57.930404663 0.003010400 0.996713042 -0.080957994 -3.723397493 -0.982277572 0.018119683 0.186554447 58.705017090
0.190729156 0.072548360 0.978958189 58.679939270 0.001320563 0.997245431 -0.074160874 -3.784464121 -0.981641769 0.015437414 0.190107942 58.855350494
0.193985626 0.069288343 0.978554368 59.414649963 -0.002487954 0.997534096 -0.070139036 -3.844262600 -0.981001198 0.011171368 0.193679631 59.011184692
0.196616605 0.069236748 0.978032827 60.136272430 -0.004392656 0.997555792 -0.069735773 -3.899521828 -0.980470538 0.009415048 0.196440175 59.171012878
0.198709756 0.071567915 0.977441788 60.851943970 -0.006344221 0.997403204 -0.071739718 -3.948084354 -0.980037808 0.008054279 0.198647797 59.321834564
0.200528055 0.075831898 0.976748645 61.551414490 -0.010616291 0.997109473 -0.075233117 -4.002153873 -0.979630470 0.004716901 0.200753480 59.471740723
0.202499494 0.080128871 0.975998640 62.248878479 -0.011343636 0.996771991 -0.079480767 -4.050714493 -0.979216695 0.005023444 0.202754751 59.628135681
0.204588249 0.085213467 0.975131869 62.919708252 -0.011635076 0.996344924 -0.084626094 -4.107084751 -0.978778958 0.005967769 0.204831883 59.771537781
0.206335947 0.087601639 0.974551857 63.598266602 -0.010732631 0.996126950 -0.087268651 -4.151872635 -0.978422403 0.007547152 0.206476972 59.918228149
0.207016960 0.087112442 0.974451303 64.296997070 -0.013242186 0.996186316 -0.086242236 -4.218661308 -0.978247643 0.004949738 0.207380980 60.093765259
0.207675874 0.084016912 0.974582851 64.953414917 -0.012810898 0.996452808 -0.083172373 -4.274321556 -0.978113711 0.004787613 0.208015531 60.231582642
0.208363935 0.081896409 0.974616587 65.625114441 -0.012901277 0.996631503 -0.080988154 -4.326008797 -0.977966130 0.004301208 0.208718672 60.385841370
0.208376303 0.080371067 0.974740922 66.262313843 -0.011916569 0.996752560 -0.079638541 -4.381917953 -0.977976084 0.004979219 0.208657354 60.516578674
0.206474259 0.079301260 0.975233078 66.907493591 -0.011755446 0.996839345 -0.078569345 -4.435508728 -0.978381276 0.004758246 0.206753880 60.670364380
0.205421284 0.080204777 0.975381553 67.510787964 -0.013336960 0.996773064 -0.079154938 -4.490323067 -0.978582740 0.003251484 0.205828115 60.781105042
0.202957124 0.083177902 0.975648403 68.132865906 -0.014337506 0.996531308 -0.081975684 -4.541170120 -0.979082644 0.002649189 0.203445703 60.920944214
0.200882688 0.086709209 0.975770295 68.732070923 -0.012162797 0.996218979 -0.086022347 -4.592861176 -0.979539812 0.005412308 0.201177791 61.042686462
0.198875099 0.087470800 0.976113439 69.334686279 -0.010414707 0.996141374 -0.087143607 -4.643325806 -0.979969501 0.007164759 0.199018702 61.168685913
0.196938634 0.086924084 0.976554871 69.924819946 -0.011071278 0.996195614 -0.086439610 -4.683360100 -0.980353355 0.006211589 0.197151735 61.288093567
0.194559649 0.083925039 0.977293789 70.513023376 -0.011100584 0.996457577 -0.083360814 -4.732345581 -0.980827868 0.005370121 0.194802061 61.408477783
0.192368031 0.079788819 0.978073776 71.090850830 -0.010543388 0.996799588 -0.079242736 -4.785276413 -0.981266260 0.004931559 0.192593619 61.526763916
0.190720320 0.078852497 0.978472352 71.645401001 -0.007005556 0.996852517 -0.078968205 -4.832551956 -0.981619418 0.008206100 0.190672427 61.624473572
0.188734531 0.080414377 0.978730202 72.205940247 -0.003621418 0.996691942 -0.081191801 -4.877248287 -0.982021570 0.011779307 0.188401401 61.735393524
0.186360210 0.082340933 0.979024947 72.754180908 0.000642966 0.996471405 -0.083930649 -4.919839859 -0.982481301 0.016270813 0.185649678 61.835823059
0.184832096 0.084464110 0.979133725 73.299659729 0.000023554 0.996299565 -0.085949346 -4.958941460 -0.982770085 0.015909262 0.184146151 61.933712006
0.183398545 0.087209731 0.979162574 73.840087891 -0.000768511 0.996069491 -0.088571608 -5.003444672 -0.983038306 0.015491406 0.182744712 62.036643982
0.182278872 0.085329160 0.979537308 74.384277344 0.001393169 0.996203840 -0.087040253 -5.051101685 -0.983245850 0.017230257 0.181467980 62.134567261
0.183224127 0.084038213 0.979472578 74.933151245 0.007535143 0.996190071 -0.086882129 -5.089666367 -0.983042300 0.023299364 0.181892827 62.224395752
0.185212925 0.082142510 0.979259253 75.488403320 0.012449949 0.996224105 -0.085920304 -5.131577015 -0.982619524 0.028105276 0.183490902 62.327239990
0.187055320 0.081347391 0.978975534 76.038848877 0.015110437 0.996209264 -0.085666619 -5.179128647 -0.982233167 0.030817149 0.185117051 62.434513092
0.190586686 0.081694856 0.978265107 76.599830627 0.012286979 0.996254504 -0.085590914 -5.219482899 -0.981593549 0.028332409 0.188869074 62.552585602
0.195758551 0.082206637 0.977200389 77.169403076 0.010810087 0.996238828 -0.085973755 -5.269956589 -0.980592489 0.027393721 0.194133565 62.683830261
0.203017607 0.080560543 0.975855410 77.718902588 0.012518827 0.996314764 -0.084853962 -5.314082146 -0.979095042 0.029443411 0.201260895 62.775306702
0.210444033 0.081060715 0.974239409 78.283462524 0.010632158 0.996307671 -0.085193515 -5.353592396 -0.977548182 0.028286735 0.208805159 62.907703400
0.218811363 0.078936011 0.972569168 78.853981018 0.010691499 0.996468723 -0.083281159 -5.400891304 -0.975708604 0.028621083 0.217194751 63.044460297
0.227599025 0.078226663 0.970607698 79.429512024 0.007410680 0.996599972 -0.082059264 -5.452015877 -0.973726749 0.025869476 0.226245478 63.193778992
0.237165332 0.078453243 0.968296230 80.016990662 0.006116947 0.996593535 -0.082244135 -5.492476940 -0.971450031 0.025428476 0.235877514 63.348350525
0.246939912 0.081882618 0.965565085 80.612464905 0.000528737 0.996412039 -0.084633745 -5.547596455 -0.969030619 0.021409974 0.246010587 63.511726379
0.255949199 0.084220767 0.963014424 81.203300476 -0.002587252 0.996253729 -0.086440064 -5.585646152 -0.966686726 0.019632701 0.255208254 63.691009521
0.266904086 0.087290756 0.959761798 81.789596558 -0.006424587 0.996028543 -0.088802591 -5.619154930 -0.963701665 0.017535705 0.266404986 63.860252380
0.277079433 0.089015156 0.956714869 82.403701782 -0.007856412 0.995876014 -0.090383478 -5.672502518 -0.960814834 0.017527057 0.276636153 64.049346924
0.287010938 0.090055406 0.953684807 83.028503418 -0.010732985 0.995810986 -0.090803251 -5.719503403 -0.957867146 0.015825640 0.286775231 64.248825073
0.297401369 0.090754099 0.950429380 83.658103943 -0.012576621 0.995758057 -0.091147028 -5.776127815 -0.954669714 0.015154063 0.297281206 64.451354980
0.307347178 0.091702402 0.947168589 84.290977478 -0.016656799 0.995711803 -0.090997256 -5.818049431 -0.951451600 0.012190954 0.307556719 64.675239563
0.317894310 0.087000996 0.944126010 84.951866150 -0.015838021 0.996129334 -0.086460315 -5.864729881 -0.947993875 0.012532158 0.318041772 64.907974243
0.328508884 0.079786770 0.941124856 85.609848022 -0.012750556 0.996709406 -0.080048420 -5.922514439 -0.944414854 0.014296753 0.328445196 65.135856628
0.339542300 0.075588062 0.937548578 86.279006958 -0.011124985 0.997018874 -0.076353692 -5.972065449 -0.940524995 0.015495095 0.339370906 65.387344360
0.349794269 0.072333001 0.934029937 86.961906433 -0.012160094 0.997281432 -0.072677352 -6.023415565 -0.936747611 0.014064238 0.349722952 65.652153015
0.359123707 0.070015170 0.930659950 87.642486572 -0.005987020 0.997334361 -0.072720937 -6.065539837 -0.933270812 0.020543927 0.358585566 65.918220520
0.367693990 0.064796880 0.927686632 88.348632812 0.000709945 0.997549653 -0.069958054 -6.100916862 -0.929946542 0.026381765 0.366747022 66.194808960
0.374672800 0.055343978 0.925503790 89.064247131 0.010524288 0.997898638 -0.063933663 -6.144011021 -0.927097201 0.033694476 0.373303056 66.474708557
0.381210566 0.051280092 0.923064947 89.767608643 0.014961872 0.997987449 -0.061621368 -6.191429138 -0.924367130 0.037301499 0.379676133 66.774009705
0.389147937 0.050842360 0.919771135 90.495979309 0.017262446 0.997897863 -0.062464606 -6.245011330 -0.921013534 0.040185459 0.387452185 67.070205688
0.396276921 0.057411842 0.916334212 91.203285217 0.019462813 0.997293413 -0.070901118 -6.282805443 -0.917924762 0.045930918 0.394087017 67.381874084
0.403446317 0.061793972 0.912914395 91.924682617 0.023051001 0.996713936 -0.077653244 -6.331261158 -0.914713025 0.052372500 0.400696129 67.697280884
0.409039378 0.063892551 0.910277128 92.627250671 0.021070141 0.996618509 -0.079420865 -6.382798195 -0.912273526 0.051665928 0.406309962 68.016967773
0.413247943 0.065456510 0.908262968 93.317115784 0.013853783 0.996845841 -0.078143775 -6.447619438 -0.910513163 0.044875637 0.411037654 68.342590332
0.416932791 0.069093034 0.906307518 94.003921509 0.007119645 0.996827781 -0.079269201 -6.507661819 -0.908909440 0.039502516 0.415118217 68.681755066
0.420859426 0.072454922 0.904227734 94.685386658 0.006143550 0.996554554 -0.082712412 -6.566430569 -0.907105088 0.040365461 0.418964207 69.012313843
0.424971044 0.076842546 0.901939571 95.352470398 0.002644501 0.996280670 -0.086126179 -6.624065399 -0.905203104 0.038986295 0.423187256 69.326919556
0.428312629 0.079475291 0.900128901 96.008209229 -0.000018428 0.996125519 -0.087942377 -6.682784557 -0.903630614 0.037650231 0.426654577 69.648651123
0.432789862 0.077650160 0.898144424 96.676773071 -0.000614354 0.996308684 -0.085841022 -6.743167877 -0.901494622 0.036599338 0.431239992 69.963882446
0.437260538 0.074477784 0.896245658 97.331665039 0.000662378 0.996538103 -0.083135210 -6.802719116 -0.899334669 0.036945395 0.435697377 70.278533936
0.440600991 0.071858875 0.894822419 97.971160889 0.000371031 0.996776402 -0.080228984 -6.857408524 -0.897703052 0.035680972 0.439153999 70.596176147
0.443798244 0.071265414 0.893288493 98.598381042 -0.001486091 0.996890008 -0.078792289 -6.921807766 -0.896125436 0.033640373 0.442523897 70.923858643
0.447530508 0.072859503 0.891295552 99.228652954 -0.003069798 0.996794760 -0.079942197 -6.970820904 -0.894263446 0.033040471 0.446319759 71.246932983
0.449947059 0.073175132 0.890052378 99.832977295 -0.002460832 0.996735215 -0.080701999 -7.032859802 -0.893051803 0.034121361 0.448658288 71.556472778
0.452258468 0.071472749 0.889018536 100.440750122 -0.000512063 0.996804535 -0.079877712 -7.085662842 -0.891886711 0.035670146 0.450849861 71.864143372
0.453859925 0.070547774 0.888275981 101.028999329 0.001425074 0.996802270 -0.079895183 -7.133461952 -0.891071916 0.037527081 0.452308118 72.166442871
0.455822676 0.070154965 0.887301564 101.616783142 0.000330823 0.996875405 -0.078988433 -7.187496185 -0.890070498 0.036298256 0.454375237 72.473312378
0.457332343 0.069544144 0.886572540 102.181266785 0.001932664 0.996857464 -0.079192027 -7.236861706 -0.889293730 0.037930530 0.455760837 72.777091980
0.460358799 0.071225956 0.884870887 102.755607605 0.001075607 0.996730685 -0.080789469 -7.290975571 -0.887732267 0.038143918 0.458777100 73.065307617
0.463038236 0.071295306 0.883466184 103.304603577 0.003491591 0.996605158 -0.082255565 -7.348123550 -0.886331379 0.041172184 0.461217433 73.360031128
0.466421068 0.070734255 0.881730080 103.856773376 0.005175748 0.996562421 -0.082684219 -7.396257401 -0.884547591 0.043129284 0.464451551 73.643806458
0.469527960 0.068697229 0.880241036 104.396614075 0.008333403 0.996579230 -0.082221799 -7.447825432 -0.882878244 0.045940839 0.467349291 73.934722900
0.472953320 0.067654960 0.878486216 104.922599792 0.010311451 0.996554434 -0.082299173 -7.490497112 -0.881027162 0.047982126 0.470626086 74.215675354
0.476134211 0.067447022 0.876782298 105.438156128 0.011030933 0.996517777 -0.082648076 -7.537117481 -0.879303396 0.049023300 0.473732203 74.499488831
0.479316801 0.066498689 0.875118971 105.954788208 0.011074739 0.996587694 -0.081794679 -7.596483707 -0.877572000 0.048897281 0.476944715 74.796409607
0.482668549 0.066097297 0.873305380 106.459144592 0.012686318 0.996515751 -0.082434252 -7.639399529 -0.875711262 0.050867464 0.480148226 75.073753357
0.486630172 0.067307197 0.871011436 106.961875916 0.012504057 0.996388912 -0.083981685 -7.683046341 -0.873518586 0.051759191 0.484031290 75.359626770
0.490687579 0.067800395 0.868693769 107.458824158 0.014121883 0.996218324 -0.085730359 -7.729250908 -0.871221066 0.054334413 0.487874538 75.644760132
0.495696753 0.070568882 0.865623891 107.952171326 0.012327106 0.996021390 -0.088258453 -7.782702923 -0.868408203 0.054420061 0.492854655 75.931404114
0.501476586 0.076493561 0.861782968 108.436538696 0.009491069 0.995537460 -0.093888797 -7.823359013 -0.865119159 0.055262275 0.498512805 76.214027405
0.506756008 0.083653316 0.858021259 108.902061462 0.003210254 0.995090902 -0.098913014 -7.883250713 -0.862083554 0.052879233 0.503999770 76.504348755
0.512911975 0.089736506 0.853738010 109.383010864 -0.001489596 0.994612873 -0.103648938 -7.931006908 -0.858439803 0.051891066 0.510282516 76.807754517
0.519055009 0.094344534 0.849518061 109.862869263 -0.005720763 0.994250894 -0.106922671 -7.989770412 -0.854721606 0.050638862 0.516610742 77.120841980
0.524788737 0.094690658 0.845949411 110.348159790 -0.010058400 0.994414032 -0.105069160 -8.044930458 -0.851172984 0.046630211 0.522809863 77.428756714
0.530225158 0.093852036 0.842646480 110.846473694 -0.016526252 0.994809806 -0.100400686 -8.096982956 -0.847695768 0.039309192 0.529024243 77.759559631
0.535872042 0.091614388 0.839314044 111.343894958 -0.022602338 0.995295763 -0.094209626 -8.148383141 -0.843996584 0.031513844 0.535421908 78.099975586
0.541782677 0.090008989 0.835685313 111.847419739 -0.029077930 0.995661616 -0.088388018 -8.201849937 -0.840015471 0.023587104 0.542049408 78.446105957
0.547903776 0.087717548 0.831929803 112.360786438 -0.031532165 0.995946109 -0.084244311 -8.257173538 -0.835946858 0.019925233 0.548448503 78.799179077
0.554047644 0.091327153 0.827460229 112.874870300 -0.037083972 0.995685279 -0.085063659 -8.307703972 -0.831658483 0.016443800 0.555043757 79.157508850
0.560020447 0.095079757 0.823004901 113.393348694 -0.040941916 0.995355248 -0.087131716 -8.357700348 -0.827466667 0.015100129 0.561311901 79.532394409
0.566318572 0.098574169 0.818270445 113.921478271 -0.043337911 0.995010078 -0.089871548 -8.400913239 -0.823046327 0.015433792 0.567764640 79.917343140
0.572344065 0.100971580 0.813773453 114.451576233 -0.046177838 0.994783878 -0.090953216 -8.451969147 -0.818712294 0.014478228 0.574021399 80.298477173
