1.000000000 0.000000000 0.000000000 0.000000000 0.000000000 1.000000000 0.000000000 0.000000000 0.000000000 0.000000000 1.000000000 0.000000000
1.000000000 -0.000059183 0.000059108 -0.013235299 0.000059098 0.999998927 0.001445659 -0.013442446 -0.000059194 -0.001445656 0.999998927 1.314768791
0.999998271 -0.001651955 -0.000743730 -0.007361700 0.001653226 0.999997139 0.001711137 -0.039764281 0.000740901 -0.001712364 0.999998271 2.627277851
0.999995470 -0.002912133 -0.000778875 -0.011303787 0.002912673 0.999995470 0.000692490 -0.055877518 0.000776855 -0.000694756 0.999999464 3.940535069
0.999995232 -0.003063179 -0.000562678 -0.023180068 0.003063607 0.999995053 0.000761311 -0.074018613 0.000560343 -0.000763031 0.999999523 5.261898518
0.999992132 -0.003892767 -0.000784525 -0.019943524 0.003894175 0.999990821 0.001800809 -0.100157872 0.000777508 -0.001803850 0.999998093 6.583651543
0.999985635 -0.005343103 -0.000448541 -0.028133105 0.005344325 0.999981940 0.002767837 -0.113171905 0.000433744 -0.002770194 0.999996066 7.909899712
0.999988377 -0.004786696 -0.000540669 -0.036124159 0.004788514 0.999982834 0.003411613 -0.135147944 0.000524329 -0.003414163 0.999993980 9.247789383
0.999992907 -0.003721816 -0.000623908 -0.048366129 0.003722686 0.999992073 0.001399776 -0.151103288 0.000618693 -0.001402088 0.999998808 10.592640877
0.999998271 -0.001504029 -0.001047827 -0.051064394 0.001503693 0.999998748 -0.000321953 -0.178609192 0.001048309 0.000320377 0.999999404 11.927100182
0.999997497 0.002152344 -0.000591594 -0.068399198 -0.002152969 0.999997020 -0.001058637 -0.203436375 0.000589314 0.001059908 0.999999225 13.267449379
0.999990344 0.004355567 -0.000561379 -0.087294191 -0.004356313 0.999989629 -0.001331668 -0.222682148 0.000555573 0.001334100 0.999998927 14.605911255
0.999984086 0.005596019 -0.000701145 -0.092414379 -0.005596425 0.999984145 -0.000577484 -0.241870180 0.000697903 0.000581399 0.999999642 15.960271835
0.999995291 0.003075189 -0.000029026 -0.100972429 -0.003075111 0.999992430 0.002388325 -0.267456293 0.000036370 -0.002388225 0.999997139 17.318752289
0.999999404 -0.001108484 0.000041819 -0.103382416 0.001108294 0.999990165 0.004296958 -0.286926895 -0.000046581 -0.004296909 0.999990821 18.672630310
0.999995172 -0.003122285 0.000032521 -0.114500612 0.003122230 0.999993861 0.001582165 -0.297542721 -0.000037460 -0.001582056 0.999998748 20.012453079
0.999987721 -0.004946418 -0.000266638 -0.108270496 0.004946528 0.999987662 0.000415606 -0.332296431 0.000264578 -0.000416920 0.999999881 21.375976562
0.999997199 -0.002164914 0.000897632 -0.130753219 0.002166120 0.999996662 -0.001346210 -0.347161442 -0.000894714 0.001348150 0.999998689 22.723222733
0.999998748 0.000462844 0.001544929 -0.138905883 -0.000463107 0.999999881 0.000169812 -0.356987268 -0.001544851 -0.000170527 0.999998808 24.098928452
0.999998212 0.000695240 0.001714523 -0.138590068 -0.000702618 0.999990463 0.004306660 -0.391236424 -0.001711513 -0.004307858 0.999989271 25.463148117
0.999994755 -0.001412810 0.002929967 -0.152963921 0.001395221 0.999981046 0.005996548 -0.398401558 -0.002938384 -0.005992428 0.999977767 26.833564758
0.999980748 -0.005898718 0.001938765 -0.137949213 0.005890185 0.999973059 0.004378614 -0.416274190 -0.001964542 -0.004367109 0.999988556 28.207277298
0.999981940 -0.005667493 0.001981496 -0.144935906 0.005663608 0.999982059 0.001960262 -0.428256661 -0.001992570 -0.001949005 0.999996126 29.575883865
0.999975741 -0.006474877 0.002577961 -0.138820559 0.006476167 0.999978900 -0.000492409 -0.454491228 -0.002574719 0.000509093 0.999996483 30.967372894
0.999990106 -0.002934167 0.003364483 -0.153755248 0.002937939 0.999995112 -0.001116240 -0.477473706 -0.003361191 0.001126113 0.999993682 32.341762543
0.999990284 -0.002628073 0.003572088 -0.152490571 0.002638803 0.999992013 -0.003002298 -0.506663799 -0.003564170 0.003011695 0.999989092 33.722187042
0.999991357 -0.001764821 0.003749845 -0.158611447 0.001773306 0.999995828 -0.002260737 -0.530511558 -0.003745840 0.002267368 0.999990344 35.102081299
0.999992728 -0.001236433 0.003646783 -0.163504452 0.001242000 0.999998093 -0.001524670 -0.549894452 -0.003644891 0.001529189 0.999992192 36.503314972
0.999994874 -0.000080101 0.003212464 -0.168213323 0.000079566 0.999999940 0.000166512 -0.575096607 -0.003212477 -0.000166256 0.999994814 37.906852722
0.999991357 0.002627008 0.003216448 -0.169439584 -0.002628812 0.999996364 0.000556555 -0.599456906 -0.003214974 -0.000565006 0.999994695 39.307193756
0.999979198 0.005317917 0.003635021 -0.181069151 -0.005318338 0.999985695 0.000106152 -0.619734704 -0.003634405 -0.000125482 0.999993443 40.699195862
0.999966800 0.007344811 0.003530129 -0.181548402 -0.007346553 0.999972880 0.000480697 -0.640393496 -0.003526503 -0.000506615 0.999993682 42.112751007
0.999961078 0.008208159 0.003237195 -0.186415657 -0.008208732 0.999966323 0.000163567 -0.657901883 -0.003235744 -0.000190134 0.999994755 43.517860413
0.999970436 0.007191047 0.002721721 -0.187692493 -0.007192191 0.999974072 0.000410749 -0.687502861 -0.002718697 -0.000430312 0.999996185 44.927642822
0.999976158 0.006596219 0.002031914 -0.191088393 -0.006596136 0.999978304 -0.000047484 -0.708084762 -0.002032183 0.000034080 0.999997914 46.331176758
0.999983907 0.005561140 0.001126273 -0.191314936 -0.005561331 0.999984443 0.000165323 -0.730879545 -0.001125336 -0.000171584 0.999999285 47.745384216
0.999981821 0.006036215 0.000064353 -0.196267188 -0.006036279 0.999981344 0.001038084 -0.749752045 -0.000058086 -0.001038454 0.999999523 49.169715881
0.999978364 0.006479181 -0.001105739 -0.199820325 -0.006478038 0.999978483 0.001033205 -0.775842607 0.001112410 -0.001026020 0.999998868 50.588161469
0.999973059 0.006954406 -0.002325206 -0.214371204 -0.006950966 0.999974728 0.001483688 -0.795933545 0.002335465 -0.001467486 0.999996245 52.000068665
0.999969006 0.007161103 -0.003245608 -0.225618720 -0.007153875 0.999971926 0.002233308 -0.814774334 0.003261511 -0.002210020 0.999992192 53.423149109
0.999974549 0.005940139 -0.003951961 -0.236296892 -0.005927831 0.999977529 0.003118819 -0.833564937 0.003970399 -0.003095313 0.999987304 54.861209869
0.999981999 0.003680847 -0.004740112 -0.243469223 -0.003663838 0.999986827 0.003592059 -0.859180093 0.004753271 -0.003574628 0.999982297 56.293033600
0.999987423 0.001300281 -0.004840524 -0.258421630 -0.001286439 0.999994993 0.002861656 -0.879343033 0.004844221 -0.002855393 0.999984145 57.694576263
0.999987364 0.000381746 -0.005017291 -0.272249162 -0.000364727 0.999994159 0.003392663 -0.900578380 0.005018557 -0.003390790 0.999981642 59.117168427
0.999989152 -0.001015010 -0.004536627 -0.278755844 0.001032040 0.999992371 0.003753019 -0.919748783 0.004532783 -0.003757660 0.999982655 60.538097382
0.999988317 -0.002410781 -0.004191009 -0.286287159 0.002430833 0.999985576 0.004785971 -0.940025687 0.004179411 -0.004796103 0.999979794 61.970996857
0.999989688 -0.003011495 -0.003395040 -0.301299274 0.003025614 0.999986768 0.004161245 -0.964751840 0.003382463 -0.004171473 0.999985576 63.373981476
0.999988258 -0.003972976 -0.002760672 -0.315826118 0.003982068 0.999986708 0.003295697 -0.982365072 0.002747541 -0.003306652 0.999990821 64.783958435
0.999985576 -0.004717794 -0.002536567 -0.311014235 0.004725846 0.999983728 0.003177947 -1.011100888 0.002521533 -0.003189889 0.999991655 66.201881409
0.999992669 -0.003454771 -0.001632479 -0.321329594 0.003459624 0.999989569 0.002979856 -1.029507637 0.001622167 -0.002985482 0.999994218 67.633415222
0.999999404 0.000158414 -0.001105825 -0.338438600 -0.000154106 0.999992430 0.003894446 -1.046618581 0.001106433 -0.003894272 0.999991834 69.021362305
0.999992609 0.003847028 -0.000091802 -0.357865661 -0.003846523 0.999980152 0.004983380 -1.063281536 0.000110971 -0.004982989 0.999987662 70.421875000
0.999972522 0.007410346 0.000577279 -0.362906933 -0.007413545 0.999955952 0.005749862 -1.088079691 -0.000534645 -0.005753982 0.999983311 71.819404602
0.999933183 0.011502665 0.001182285 -0.377119362 -0.011508715 0.999920011 0.005244535 -1.104106426 -0.001121864 -0.005257791 0.999985576 73.222885132
0.999889195 0.014795979 0.001627702 -0.383995682 -0.014803613 0.999879003 0.004781391 -1.129419208 -0.001556759 -0.004804956 0.999987245 74.627784729
0.999858320 0.016666636 0.002352288 -0.390973806 -0.016677773 0.999849439 0.004796699 -1.150791407 -0.002271989 -0.004835252 0.999985754 76.019134521
0.999858975 0.016594358 0.002582926 -0.395952225 -0.016607402 0.999848962 0.005112818 -1.168224692 -0.002497692 -0.005154992 0.999983609 77.416526794
0.999868214 0.015953887 0.002993986 -0.405012608 -0.015968116 0.999861002 0.004790995 -1.189519286 -0.002917135 -0.004838172 0.999983966 78.797584534
0.999890447 0.014550943 0.002761109 -0.407631904 -0.014561641 0.999886334 0.003894496 -1.208902359 -0.002704127 -0.003934273 0.999988616 80.193695068
0.999897957 0.014109064 0.002286418 -0.408918500 -0.014117790 0.999892890 0.003845913 -1.227548122 -0.002231911 -0.003877800 0.999989927 81.575599670
0.999901116 0.013921972 0.001979508 -0.410520375 -0.013929868 0.999894798 0.004033295 -1.249646425 -0.001923149 -0.004060469 0.999989867 82.960670471
0.999913096 0.013133678 0.001089034 -0.409019530 -0.013137392 0.999907672 0.003478920 -1.265506029 -0.001043243 -0.003492925 0.999993324 84.356101990
0.999905944 0.013701174 0.000567000 -0.424496770 -0.013703239 0.999898791 0.003807325 -1.284297705 -0.000514778 -0.003814736 0.999992609 85.731864929
0.999914587 0.013058737 -0.000529739 -0.425542057 -0.013056122 0.999903858 0.004672015 -1.306983829 0.000590698 -0.004664699 0.999988914 87.095474243
0.999939203 0.010936468 -0.001409279 -0.439829439 -0.010928631 0.999925375 0.005454280 -1.323284626 0.001468824 -0.005438546 0.999984145 88.491561890
0.999955356 0.009037118 -0.002749382 -0.443316877 -0.009019774 0.999939740 0.006256520 -1.352021217 0.002805757 -0.006231442 0.999976635 89.858299255
0.999971628 0.006609869 -0.003615314 -0.447688520 -0.006586920 0.999958336 0.006322753 -1.370851874 0.003656955 -0.006298759 0.999973476 91.236984253
0.999977410 0.005143960 -0.004322647 -0.451945394 -0.005117439 0.999968171 0.006124128 -1.397616506 0.004354012 -0.006101869 0.999971867 92.612609863
0.999980032 0.004542029 -0.004375987 -0.466418117 -0.004517698 0.999974370 0.005554114 -1.412240744 0.004401102 -0.005534234 0.999975085 93.954048157
0.999979734 0.004600333 -0.004404045 -0.480428457 -0.004578268 0.999976993 0.005007108 -1.429597616 0.004426979 -0.004986844 0.999977708 95.332916260
0.999980509 0.004661061 -0.004148217 -0.500728965 -0.004642732 0.999979436 0.004417087 -1.447926402 0.004168720 -0.004397742 0.999981642 96.687217712
0.999976397 0.005540465 -0.004061295 -0.511140108 -0.005525549 0.999977946 0.003674473 -1.465785265 0.004081564 -0.003651946 0.999984980 98.029891968
0.999970138 0.006829378 -0.003626239 -0.529352546 -0.006815470 0.999969542 0.003833511 -1.483012080 0.003652309 -0.003808683 0.999986053 99.378845215
0.999967694 0.007196127 -0.003585095 -0.532781184 -0.007177232 0.999960423 0.005255461 -1.502758503 0.003622771 -0.005229562 0.999979734 100.722145081
0.999960005 0.008293274 -0.003361178 -0.555369496 -0.008270076 0.999942362 0.006858265 -1.523120999 0.003417862 -0.006830194 0.999970794 102.049942017
0.999962032 0.008063841 -0.003310361 -0.556290984 -0.008046928 0.999954760 0.005090579 -1.541603327 0.003351261 -0.005063748 0.999981582 103.416160583
0.999963462 0.007991140 -0.003061637 -0.574102879 -0.007982785 0.999964416 0.002731822 -1.557681561 0.003083358 -0.002707282 0.999991596 104.742866516
0.999965847 0.007555319 -0.003355171 -0.579878569 -0.007550105 0.999970198 0.001563696 -1.582510471 0.003366885 -0.001538311 0.999993145 106.073280334
0.999982178 0.005122899 -0.003087244 -0.594994009 -0.005113853 0.999982595 0.002931276 -1.603169680 0.003102207 -0.002915436 0.999990880 107.393951416
0.999991596 0.003294545 -0.002421055 -0.606042564 -0.003283188 0.999983668 0.004679802 -1.617891550 0.002436433 -0.004671814 0.999986112 108.735412598
0.999996901 0.001873025 -0.001658820 -0.613929272 -0.001864359 0.999984622 0.005210258 -1.638313532 0.001668553 -0.005207148 0.999985039 110.072525024
0.999999166 0.001064585 -0.000637143 -0.626542091 -0.001062191 0.999992371 0.003745910 -1.653457403 0.000641126 -0.003745230 0.999992788 111.416320801
0.999994814 0.003234862 0.000073619 -0.638308704 -0.003234959 0.999993861 0.001358806 -1.671527386 -0.000069223 -0.001359037 0.999999106 112.742851257
0.999985099 0.005315782 0.001264077 -0.643086314 -0.005314809 0.999985576 -0.000771137 -1.691334963 -0.001268158 0.000764407 0.999998927 114.069808960
0.999962330 0.008287107 0.002598315 -0.650719762 -0.008285359 0.999965429 -0.000682056 -1.712608218 -0.002603877 0.000660502 0.999996483 115.388816833
0.999946356 0.009559358 0.003994768 -0.653336406 -0.009564590 0.999953449 0.001293099 -1.738079786 -0.003982221 -0.001331238 0.999991119 116.733642578
0.999937356 0.009939975 0.005156139 -0.655318737 -0.009957124 0.999944985 0.003310979 -1.754871130 -0.005122944 -0.003362112 0.999981165 118.058158875
0.999940813 0.009208854 0.005794970 -0.652349055 -0.009232503 0.999949098 0.004067595 -1.777468443 -0.005757217 -0.004120857 0.999974906 119.402931213
0.999928057 0.009924510 0.006730963 -0.646343052 -0.009946888 0.999945104 0.003299437 -1.791157365 -0.006697848 -0.003366152 0.999971867 120.755722046
0.999903798 0.011210614 0.008167470 -0.648484647 -0.011235770 0.999932230 0.003040962 -1.813002825 -0.008132826 -0.003132438 0.999962032 122.069343567
0.999867558 0.013246791 0.009454662 -0.644941926 -0.013272725 0.999908209 0.002685427 -1.826861501 -0.009418219 -0.002810559 0.999951780 123.421699524
0.999843895 0.014201078 0.010510366 -0.643502951 -0.014217470 0.999897778 0.001486457 -1.847515464 -0.010488183 -0.001635656 0.999943674 124.746734619
0.999811292 0.015507623 0.011699010 -0.643417597 -0.015515299 0.999879539 0.000565629 -1.865183949 -0.011688827 -0.000747036 0.999931455 126.093338013
0.999819219 0.014359124 0.012461430 -0.628528714 -0.014366305 0.999896705 0.000486960 -1.886108637 -0.012453151 -0.000665897 0.999922216 127.436157227
0.999805868 0.014261001 0.013597941 -0.622477412 -0.014281810 0.999897003 0.001434452 -1.904133916 -0.013576083 -0.001628377 0.999906540 128.783477783
0.999824703 0.012284087 0.014130276 -0.607655764 -0.012320879 0.999920905 0.002519795 -1.927718282 -0.014098207 -0.002693451 0.999897003 130.128707886
0.999826729 0.011559707 0.014592372 -0.594998598 -0.011599463 0.999929249 0.002642752 -1.941497326 -0.014560793 -0.002811558 0.999889970 131.481826782
0.999844849 0.009545150 0.014803927 -0.586474538 -0.009588497 0.999949872 0.002859977 -1.964313984 -0.014775889 -0.003001480 0.999886334 132.820449829
0.999855518 0.008402480 0.014772065 -0.580567718 -0.008452746 0.999958694 0.003343579 -1.983047009 -0.014743359 -0.003467960 0.999885261 134.159088135
0.999875367 0.006844972 0.014221339 -0.570131183 -0.006887850 0.999971926 0.002968316 -2.000176668 -0.014200620 -0.003065901 0.999894500 135.508178711
0.999899805 0.005630153 0.012988583 -0.561205626 -0.005663890 0.999980688 0.002562020 -2.013597488 -0.012973907 -0.002635329 0.999912381 136.842300415
0.999925375 0.003744880 0.011627333 -0.534157276 -0.003789333 0.999985516 0.003803467 -2.038606405 -0.011612922 -0.003847243 0.999925196 138.180847168
0.999939322 0.002464543 0.010732429 -0.526917219 -0.002507205 0.999988973 0.003963425 -2.058229446 -0.010722540 -0.003990093 0.999934494 139.518035889
0.999952078 0.002468914 0.009470566 -0.523179293 -0.002506526 0.999988973 0.003961637 -2.077172279 -0.009460679 -0.003985185 0.999947309 140.868545532
0.999966025 0.001502188 0.008102323 -0.510703564 -0.001530269 0.999992847 0.003460826 -2.095994473 -0.008097065 -0.003473107 0.999961197 142.209869385
0.999973357 0.001609371 0.007117949 -0.511518717 -0.001630172 0.999994397 0.002917447 -2.112403393 -0.007113216 -0.002928973 0.999970376 143.548171997
0.999981523 -0.000889531 0.006010679 -0.497460365 0.000884633 0.999999285 0.000817566 -2.137727261 -0.006011401 -0.000812233 0.999981582 144.888687134
0.999967098 -0.006387858 0.004991944 -0.493044138 0.006385811 0.999979496 0.000425856 -2.158185720 -0.004994562 -0.000393964 0.999987423 146.237030029
0.999896526 -0.013831560 0.003932074 -0.481269121 0.013820572 0.999900520 0.002807863 -2.182392597 -0.003970519 -0.002753229 0.999988317 147.581695557
0.999786437 -0.020529328 0.002379726 -0.471079141 0.020519523 0.999781132 0.004073205 -2.197012901 -0.002462825 -0.004023504 0.999988854 148.920013428
0.999712586 -0.023948910 0.001093275 -0.459808171 0.023948086 0.999712825 0.000761567 -2.216615438 -0.001111200 -0.000735166 0.999999046 150.269775391
0.999727070 -0.023307320 0.001604395 -0.464602798 0.023311434 0.999724805 -0.002595244 -2.236304045 -0.001543466 0.002631936 0.999995351 151.611663818
0.999797881 -0.019969154 0.002378921 -0.468909085 0.019979304 0.999791026 -0.004320226 -2.270605564 -0.002292153 0.004366882 0.999987841 152.936828613
0.999791920 -0.020167502 0.003071324 -0.476655334 0.020180650 0.999787092 -0.004311086 -2.301355124 -0.002983726 0.004372169 0.999985993 154.267730713
0.999729574 -0.022953002 0.003729798 -0.464502513 0.022956591 0.999736011 -0.000922687 -2.323791265 -0.003707635 0.001008061 0.999992609 155.631240845
0.999603152 -0.027871432 0.004087589 -0.455947101 0.027865795 0.999610603 0.001428915 -2.341401815 -0.004125823 -0.001314444 0.999990582 156.988571167
0.999475241 -0.032136708 0.004058356 -0.446548998 0.032124192 0.999478996 0.003111604 -2.367280245 -0.004156238 -0.002979600 0.999986947 158.329559326
0.999441981 -0.033116497 0.004360374 -0.447581708 0.033105001 0.999448359 0.002683299 -2.380663157 -0.004446831 -0.002537452 0.999986887 159.671798706
0.999491096 -0.031463873 0.005247315 -0.445626140 0.031445116 0.999498844 0.003620809 -2.405056953 -0.005358610 -0.003453964 0.999979675 161.022903442
0.999602139 -0.027443977 0.006503132 -0.458036304 0.027427007 0.999620199 0.002684681 -2.423551083 -0.006574340 -0.002505251 0.999975264 162.358978271
0.999692798 -0.023771586 0.007014253 -0.440657735 0.023769096 0.999717295 0.000437776 -2.442250967 -0.007022677 -0.000270919 0.999975324 163.732101440
0.999752045 -0.020777114 0.008008201 -0.443291068 0.020778844 0.999784052 -0.000133595 -2.462357759 -0.008003696 0.000299963 0.999967933 165.082305908
0.999783218 -0.019039437 0.008427601 -0.445044637 0.019030722 0.999818265 0.001113239 -2.486808300 -0.008447265 -0.000952614 0.999963880 166.421524048
0.999822140 -0.017163360 0.007817334 -0.434317827 0.017158972 0.999852538 0.000628751 -2.511406183 -0.007826973 -0.000494501 0.999969304 167.789810181
0.999857962 -0.015016617 0.007649234 -0.433498263 0.015031599 0.999885201 -0.001904660 -2.528407335 -0.007619754 0.002019370 0.999968946 169.147247314
0.999910653 -0.011355001 0.007040387 -0.434342384 0.011387456 0.999924600 -0.004587087 -2.555521488 -0.006987770 0.004666850 0.999964654 170.498184204
0.999956548 -0.006045273 0.007089554 -0.437717557 0.006086339 0.999964714 -0.005785317 -2.582834959 -0.007054330 0.005828215 0.999958098 171.863357544
0.999971807 -0.001591443 0.007335726 -0.441519022 0.001625442 0.999987960 -0.004631040 -2.611960411 -0.007328268 0.004642833 0.999962389 173.234237671
0.999967217 0.001351119 0.007980475 -0.444515705 -0.001329016 0.999995291 -0.002774348 -2.636488438 -0.007984186 0.002763651 0.999964297 174.596771240
0.999965787 0.002505153 0.007874763 -0.441349506 -0.002499786 0.999996662 -0.000691386 -2.658223629 -0.007876468 0.000671678 0.999968708 175.977920532
0.999974132 -0.001477642 0.007032762 -0.435341954 0.001473913 0.999998748 0.000535498 -2.683908463 -0.007033545 -0.000525119 0.999975145 177.356857300
0.999981880 -0.002971279 0.005247080 -0.429220617 0.002970860 0.999995530 0.000087510 -2.696974039 -0.005247316 -0.000071920 0.999986291 178.741165161
0.999986947 -0.003847587 0.003351561 -0.426629961 0.003860326 0.999985337 -0.003802404 -2.729122639 -0.003336882 0.003815292 0.999987125 180.129638672
0.999996483 -0.002056555 0.001690634 -0.427391261 0.002070172 0.999965191 -0.008092163 -2.755309105 -0.001673933 0.008095633 0.999965847 181.522354126
0.999995410 0.002825042 0.001081330 -0.440984130 -0.002815577 0.999958515 -0.008656796 -2.787769794 -0.001105741 0.008653712 0.999961913 182.931304932
0.999979377 0.006357685 0.000911470 -0.452843785 -0.006350479 0.999950111 -0.007701114 -2.820245981 -0.000960386 0.007695167 0.999969900 184.337112427
0.999963164 0.008484527 0.001281227 -0.465143204 -0.008479049 0.999955118 -0.004222303 -2.852942467 -0.001316994 0.004211283 0.999990284 185.735244751
0.999955356 0.009303858 0.001658775 -0.474378198 -0.009300171 0.999954283 -0.002216248 -2.879210711 -0.001679319 0.002200722 0.999996185 187.139144897
0.999962628 0.008513139 0.001500173 -0.471521795 -0.008511022 0.999962747 -0.001412764 -2.897732258 -0.001512144 0.001399943 0.999997914 188.561019897
0.999974847 0.006900838 0.001631180 -0.478509754 -0.006899314 0.999975741 -0.000937571 -2.921857119 -0.001637611 0.000926294 0.999998212 189.971435547
0.999989212 0.004350381 0.001652115 -0.479243010 -0.004349905 0.999990523 -0.000291310 -2.947540760 -0.001653366 0.000284121 0.999998569 191.408386230
0.999996722 0.001709071 0.001922027 -0.476604134 -0.001708589 0.999998450 -0.000252559 -2.972903490 -0.001922455 0.000249274 0.999998093 192.800491333
0.999996603 -0.001169415 0.002338178 -0.479532242 0.001167822 0.999999046 0.000682660 -2.993222713 -0.002338973 -0.000679927 0.999997020 194.231018066
0.999977827 -0.006131114 0.002605129 -0.468776166 0.006124902 0.999978423 0.002386145 -3.017633438 -0.002619703 -0.002370137 0.999993682 195.671768188
0.999957144 -0.008883994 0.002633829 -0.459388256 0.008877733 0.999957800 0.002379426 -3.039392471 -0.002654857 -0.002355942 0.999993682 197.113677979
0.999972403 -0.006767191 0.003101799 -0.463422835 0.006773620 0.999974906 -0.002066182 -3.063711405 -0.003087740 0.002087135 0.999993026 198.532531738
0.999993861 0.000781622 0.003397172 -0.472359061 -0.000757315 0.999974132 -0.007150718 -3.085978985 -0.003402674 0.007148102 0.999968588 199.954360962
0.999933422 0.010352981 0.005091058 -0.495457530 -0.010315174 0.999919415 -0.007397198 -3.118121147 -0.005167230 0.007344190 0.999959707 201.401550293
0.999815822 0.018158061 0.006216705 -0.512395620 -0.018133081 0.999827385 -0.004051498 -3.141999960 -0.006289200 0.003938023 0.999972522 202.830810547
0.999799192 0.018744294 0.007090252 -0.511422276 -0.018734571 0.999823451 -0.001435465 -3.177624702 -0.007115908 0.001302344 0.999973834 204.270599365
0.999832869 0.017035058 0.006642591 -0.510697603 -0.017028835 0.999854445 -0.000992999 -3.199196339 -0.006658541 0.000879718 0.999977529 205.706085205
0.999892354 0.013659453 0.005365067 -0.505380630 -0.013654654 0.999906301 -0.000930444 -3.224261284 -0.005377273 0.000857086 0.999985218 207.154281616
0.999913812 0.012296816 0.004596859 -0.499711156 -0.012288647 0.999922872 -0.001801195 -3.243570089 -0.004618654 0.001744550 0.999987781 208.602630615
0.999908686 0.012837466 0.004209457 -0.500522971 -0.012827341 0.999914765 -0.002423423 -3.265731812 -0.004240209 0.002369206 0.999988198 210.069869995
0.999892175 0.014111679 0.004062526 -0.504006445 -0.014103627 0.999898553 -0.002003675 -3.296303272 -0.004090389 0.001946163 0.999989748 211.527496338
0.999885499 0.014678507 0.003679615 -0.505205631 -0.014674402 0.999891698 -0.001140082 -3.324603796 -0.003695951 0.001085956 0.999992549 212.987854004
0.999885619 0.014673545 0.003661714 -0.513436198 -0.014666495 0.999890566 -0.001944709 -3.346310139 -0.003689849 0.001890782 0.999991477 214.454345703
0.999893010 0.014251607 0.003274925 -0.515842676 -0.014242688 0.999894857 -0.002730415 -3.376080036 -0.003313493 0.002683480 0.999990880 215.904373169
0.999900579 0.013761153 0.003055948 -0.519676924 -0.013751552 0.999900460 -0.003141086 -3.399981976 -0.003098869 0.003098750 0.999990404 217.365493774
0.999903917 0.013649814 0.002426771 -0.518930614 -0.013642603 0.999902487 -0.002963959 -3.434164047 -0.002466992 0.002930566 0.999992669 218.852325439
0.999897659 0.014129145 0.002232795 -0.526965976 -0.014121612 0.999894619 -0.003354745 -3.458086491 -0.002279959 0.003322871 0.999991834 220.332412720
0.999894798 0.014384445 0.001872388 -0.532955647 -0.014377342 0.999889612 -0.003753091 -3.484493017 -0.001926167 0.003725776 0.999991238 221.818557739
0.999889076 0.014817617 0.001492447 -0.536233783 -0.014811873 0.999883115 -0.003789243 -3.517910480 -0.001548420 0.003766716 0.999991715 223.287414551
0.999887466 0.014933291 0.001404512 -0.546964049 -0.014927809 0.999881208 -0.003835286 -3.546442032 -0.001461619 0.003813889 0.999991655 224.771408081
0.999882698 0.015273813 0.001159882 -0.555020213 -0.015269191 0.999875844 -0.003895709 -3.574798346 -0.001219240 0.003877542 0.999991715 226.264099121
0.999894679 0.014471953 0.001143746 -0.560921311 -0.014466995 0.999886453 -0.004229014 -3.599564552 -0.001204818 0.004212021 0.999990463 227.760314941
0.999915838 0.012933138 0.001013183 -0.566982508 -0.012928847 0.999907792 -0.004134979 -3.638436317 -0.001066567 0.004121530 0.999990880 229.253555298
0.999933183 0.011513473 0.001023203 -0.569879770 -0.011509572 0.999926746 -0.003739748 -3.670631409 -0.001066186 0.003727722 0.999992490 230.747344971
0.999945343 0.010361551 0.001358233 -0.577017069 -0.010357371 0.999941647 -0.003049722 -3.698617220 -0.001389754 0.003035487 0.999994457 232.251800537
0.999945223 0.010396984 0.001206948 -0.580328226 -0.010393530 0.999941945 -0.002831859 -3.730433702 -0.001236321 0.002819159 0.999995291 233.746963501
0.999938011 0.011055861 0.001305282 -0.586884737 -0.011052050 0.999934733 -0.002892675 -3.767117500 -0.001337178 0.002878069 0.999994993 235.253509521
0.999931216 0.011594235 0.001760642 -0.597549438 -0.011588077 0.999926865 -0.003467600 -3.796678543 -0.001800717 0.003446959 0.999992490 236.764663696
0.999915957 0.012798826 0.002066306 -0.596041799 -0.012792774 0.999913871 -0.002915303 -3.823474407 -0.002103440 0.002888624 0.999993563 238.270034790
0.999906957 0.013304790 0.002976645 -0.604589701 -0.013301822 0.999911010 -0.001014780 -3.845356464 -0.002989882 0.000975091 0.999995053 239.787322998
0.999912083 0.012799216 0.003460542 -0.606067359 -0.012797284 0.999917865 -0.000579962 -3.869756699 -0.003467681 0.000535625 0.999993861 241.293930054
0.999903798 0.013216626 0.004192684 -0.613556981 -0.013207339 0.999910295 -0.002234887 -3.895601273 -0.004221845 0.002179298 0.999988735 242.805877686
0.999904752 0.013136321 0.004240628 -0.607491851 -0.013122884 0.999908805 -0.003180727 -3.934253693 -0.004282024 0.003124774 0.999985933 244.321975708
0.999898314 0.013473264 0.004675513 -0.609201074 -0.013461221 0.999905944 -0.002597531 -3.960042238 -0.004710070 0.002534329 0.999985635 245.838516235
0.999904096 0.013178932 0.004245412 -0.606145620 -0.013172535 0.999912083 -0.001530936 -3.995040894 -0.004265215 0.001474867 0.999989748 247.363189697
0.999892950 0.013951685 0.004418638 -0.613091826 -0.013945349 0.999901712 -0.001461520 -4.018609524 -0.004438593 0.001399744 0.999989152 248.889389038
0.999892533 0.014031976 0.004238429 -0.620501041 -0.014027311 0.999900937 -0.001128262 -4.052535057 -0.004253841 0.001068686 0.999990404 250.411239624
0.999872029 0.015302807 0.004671896 -0.622705579 -0.015298481 0.999882519 -0.000960040 -4.077120781 -0.004686038 0.000888444 0.999988616 251.947402954
0.999843359 0.017046677 0.004760831 -0.631639361 -0.017042164 0.999854207 -0.000988069 -4.105099201 -0.004776980 0.000906779 0.999988139 253.462493896
0.999837339 0.017356245 0.004899215 -0.633662581 -0.017352767 0.999849141 -0.000751642 -4.129459381 -0.004911522 0.000666505 0.999987721 255.014038086
0.999864995 0.015784385 0.004560309 -0.630754828 -0.015781814 0.999875307 -0.000599404 -4.156946182 -0.004569203 0.000527353 0.999989450 256.544708252
0.999889672 0.014171556 0.004436793 -0.629105926 -0.014173085 0.999899507 0.000313072 -4.183974266 -0.004431910 -0.000375921 0.999990165 258.072937012
0.999924421 0.011537627 0.004245466 -0.623268127 -0.011540828 0.999933124 0.000730146 -4.203183174 -0.004236757 -0.000779087 0.999990702 259.613983154
0.999934375 0.010546757 0.004484877 -0.628564596 -0.010546068 0.999944389 -0.000177154 -4.225859642 -0.004486497 0.000129845 0.999989927 261.144622803
0.999950588 0.008998985 0.004218233 -0.635341763 -0.008994799 0.999958992 -0.001010510 -4.253550053 -0.004227154 0.000972518 0.999990523 262.672058105
0.999964178 0.007108286 0.004589553 -0.633567572 -0.007112297 0.999974430 0.000858572 -4.279520512 -0.004583333 -0.000891184 0.999989092 264.212982178
0.999968648 0.005737652 0.005452181 -0.645165920 -0.005750948 0.999980569 0.002426221 -4.300059319 -0.005438155 -0.002457500 0.999982238 265.716949463
0.999978900 0.004076312 0.005056229 -0.640418410 -0.004084013 0.999990463 0.001513897 -4.320527554 -0.005050011 -0.001534515 0.999986053 267.280517578
0.999976993 0.003934769 0.005519937 -0.633816719 -0.003937220 0.999992132 0.000433260 -4.341244698 -0.005518189 -0.000454983 0.999984622 268.829833984
0.999972165 0.004079255 0.006266027 -0.636677146 -0.004082330 0.999991477 0.000477955 -4.375515938 -0.006264025 -0.000503522 0.999980271 270.344116211
0.999953926 0.005940925 0.007538110 -0.641867161 -0.005945852 0.999982059 0.000631367 -4.402537823 -0.007534224 -0.000676158 0.999971390 271.873443604
0.999939799 0.007243642 0.008239668 -0.638532877 -0.007244407 0.999973774 0.000062893 -4.427544117 -0.008238998 -0.000122581 0.999966025 273.421508789
0.999921501 0.008426892 0.009275712 -0.633498907 -0.008428080 0.999964476 0.000089144 -4.457021713 -0.009274632 -0.000167313 0.999956965 274.974700928
0.999901533 0.009663780 0.010169487 -0.623117924 -0.009659549 0.999953210 -0.000465029 -4.480446815 -0.010173502 0.000366750 0.999948204 276.501586914
0.999890447 0.010152581 0.010765680 -0.619495392 -0.010140089 0.999947786 -0.001214189 -4.509263039 -0.010777444 0.001104891 0.999941289 278.050292969
0.999891281 0.008986785 0.011692069 -0.608744383 -0.008968189 0.999958575 -0.001641824 -4.533785820 -0.011706336 0.001536790 0.999930322 279.604522705
0.999888897 0.008202757 0.012442855 -0.591112137 -0.008187108 0.999965549 -0.001308055 -4.559769630 -0.012453157 0.001206039 0.999921679 281.153472900
0.999889135 0.007274861 0.012987177 -0.577568293 -0.007267881 0.999973357 -0.000584503 -4.581390381 -0.012991084 0.000490049 0.999915540 282.736297607
0.999895036 0.006054144 0.013157355 -0.558161020 -0.006053087 0.999981701 -0.000120158 -4.612321854 -0.013157842 0.000040503 0.999913454 284.263244629
0.999898553 0.005624340 0.013085674 -0.537876129 -0.005591784 0.999981105 -0.002523228 -4.641162872 -0.013099618 0.002449800 0.999911189 285.827026367
0.999905825 0.004615454 0.012926612 -0.523645163 -0.004553887 0.999978125 -0.004788256 -4.667771339 -0.012948431 0.004728938 0.999904931 287.356964111
0.999917030 0.004093376 0.012215411 -0.511737585 -0.004034039 0.999980032 -0.004878296 -4.698028088 -0.012235135 0.004828614 0.999913454 288.918579102
0.999932766 0.003165401 0.011157128 -0.497462034 -0.003113737 0.999984324 -0.004644934 -4.731119156 -0.011171658 0.004609881 0.999926925 290.492004395
0.999941826 0.003201937 0.010298540 -0.492215395 -0.003146657 0.999980688 -0.005379477 -4.759243011 -0.010315565 0.005346758 0.999932468 292.043731689
0.999945164 0.003986664 0.009686746 -0.483005285 -0.003930862 0.999975562 -0.005772902 -4.790999413 -0.009709524 0.005734509 0.999936402 293.622100830
0.999954998 0.003714267 0.008732532 -0.466454506 -0.003668844 0.999979675 -0.005211891 -4.825814724 -0.008751715 0.005179618 0.999948204 295.201141357
0.999963999 0.003351080 0.007812161 -0.461401701 -0.003311209 0.999981463 -0.005111150 -4.859589577 -0.007829145 0.005085098 0.999956429 296.767120361
0.999972761 0.002985931 0.006745990 -0.452864647 -0.002961834 0.999989331 -0.003579131 -4.894549370 -0.006756604 0.003559054 0.999970853 298.337036133
0.999970555 0.004702698 0.006064378 -0.452431440 -0.004688702 0.999986291 -0.002319951 -4.923500061 -0.006075205 0.002291449 0.999978900 299.906250000
0.999965250 0.004855334 0.006778963 -0.447704077 -0.004839580 0.999985576 -0.002338525 -4.949180126 -0.006790219 0.002305636 0.999974310 301.481994629
0.999957323 0.005250697 0.007601386 -0.444440603 -0.005232295 0.999983251 -0.002438638 -4.978371620 -0.007614064 0.002398761 0.999968112 303.068054199
0.999960363 0.003809432 0.008061687 -0.440236330 -0.003786852 0.999988794 -0.002814234 -5.001912594 -0.008072319 0.002783594 0.999963522 304.654815674
0.999964595 0.002148004 0.008147285 -0.427941322 -0.002118458 0.999991298 -0.003633448 -5.036208153 -0.008155019 0.003616059 0.999960184 306.239471436
0.999963939 0.000477603 0.008477723 -0.413772583 -0.000428273 0.999983072 -0.005819643 -5.063951492 -0.008480356 0.005815803 0.999947131 307.839935303
0.999964893 0.000161414 0.008379881 -0.409915686 -0.000105985 0.999978125 -0.006614635 -5.098603249 -0.008380767 0.006613514 0.999943018 309.436645508
0.999980748 0.000964911 0.006139263 -0.409134984 -0.000916511 0.999968529 -0.007881661 -5.130290985 -0.006146675 0.007875882 0.999950051 311.042663574
0.999989510 0.002108307 0.004049872 -0.403972030 -0.002080236 0.999973834 -0.006922903 -5.168263435 -0.004064362 0.006914406 0.999967754 312.653900146
0.999988496 0.003210670 0.003581319 -0.406372190 -0.003197069 0.999987721 -0.003797026 -5.199661732 -0.003593466 0.003785533 0.999986410 314.281188965
0.999989986 0.001797088 0.004088295 -0.397812247 -0.001793574 0.999998033 -0.000862996 -5.228870392 -0.004089837 0.000855655 0.999991298 315.904876709
0.999991655 0.001064655 0.003950672 -0.396490216 -0.001064272 0.999999464 -0.000099051 -5.255328178 -0.003950776 0.000094846 0.999992251 317.528259277
0.999990582 0.000342909 0.004321021 -0.392905474 -0.000336507 0.999998868 -0.001482156 -5.278808594 -0.004321524 0.001480688 0.999989569 319.148773193
0.999987066 -0.001087406 0.004949295 -0.399877667 0.001093785 0.999998629 -0.001286296 -5.306766033 -0.004947889 0.001291693 0.999986947 320.759490967
0.999985933 -0.001199737 0.005153906 -0.397283196 0.001205383 0.999998689 -0.001092516 -5.332613945 -0.005152590 0.001098713 0.999986112 322.380310059
0.999983788 -0.001163841 0.005583799 -0.393504858 0.001171222 0.999998510 -0.001318688 -5.361525536 -0.005582256 0.001325207 0.999983609 324.003112793
0.999981940 0.000473585 0.005978894 -0.387592673 -0.000459992 0.999997318 -0.002274706 -5.390404701 -0.005979957 0.002271916 0.999979496 325.648590088
0.999977171 0.001398492 0.006612173 -0.386927843 -0.001379183 0.999994755 -0.002923967 -5.420427322 -0.006616227 0.002914781 0.999973893 327.268676758
0.999974430 0.000169519 0.007165300 -0.379848480 -0.000162380 0.999999523 -0.000996908 -5.451250076 -0.007165466 0.000995719 0.999973834 328.906738281
0.999971807 -0.001040751 0.007454474 -0.372748852 0.001039651 0.999999464 0.000151341 -5.486113071 -0.007454627 -0.000143587 0.999972224 330.487060547
0.999973059 -0.001719637 0.007146883 -0.365488529 0.001729977 0.999997437 -0.001440941 -5.511096001 -0.007144387 0.001453266 0.999973416 332.119293213
0.999973357 -0.000558779 0.007266095 -0.352427483 0.000568249 0.999998987 -0.001301346 -5.543649673 -0.007265360 0.001305441 0.999972761 333.729827881
0.999975502 0.001066216 0.006908011 -0.355898619 -0.001044413 0.999994397 -0.003158929 -5.576778412 -0.006911342 0.003151637 0.999971151 335.337951660
0.999973834 0.003282254 0.006440212 -0.350781679 -0.003241515 0.999974728 -0.006325991 -5.609701157 -0.006460811 0.006304950 0.999959230 336.922790527
0.999975443 0.004291160 0.005541042 -0.347975016 -0.004259092 0.999974191 -0.005786371 -5.644678116 -0.005565729 0.005762629 0.999967933 338.531311035
0.999976575 0.005239945 0.004405209 -0.350642204 -0.005228963 0.999983191 -0.002500549 -5.677234650 -0.004418237 0.002477456 0.999987245 340.116149902
0.999975979 0.006045222 0.003394871 -0.348871469 -0.006047325 0.999981523 0.000609218 -5.713914871 -0.003391125 -0.000629733 0.999994040 341.726562500
0.999974370 0.006814790 0.002191271 -0.353223622 -0.006813233 0.999976516 -0.000717705 -5.741172314 -0.002196111 0.000702758 0.999997258 343.328765869
0.999979973 0.006322999 0.000282524 -0.360468477 -0.006322311 0.999977171 -0.002377471 -5.770212173 -0.000297550 0.002375637 0.999997139 344.918731689
0.999986947 0.004832796 -0.001652298 -0.357293785 -0.004834622 0.999987662 -0.001102520 -5.798014164 0.001646949 0.001110494 0.999998033 346.511199951
0.999990046 0.003522682 -0.002736630 -0.364747286 -0.003524381 0.999993563 -0.000616638 -5.830191135 0.002734441 0.000626276 0.999996066 348.104736328
0.999990761 0.003216584 -0.002824072 -0.381788373 -0.003220882 0.999993622 -0.001518199 -5.853586674 0.002819170 0.001527281 0.999994874 349.700958252
0.999991536 0.002066594 -0.003550410 -0.386180043 -0.002074671 0.999995410 -0.002272793 -5.884959221 0.003545695 0.002280140 0.999991059 351.295745850
0.999991775 0.002170408 -0.003426296 -0.400708318 -0.002179420 0.999994159 -0.002628553 -5.912138462 0.003420571 0.002635999 0.999990642 352.888610840
0.999993384 0.001453645 -0.003316776 -0.417074919 -0.001463366 0.999994576 -0.002930338 -5.939054489 0.003312499 0.002935173 0.999990225 354.478973389
0.999993026 0.001177637 -0.003537184 -0.420922935 -0.001189644 0.999993503 -0.003394465 -5.976695061 0.003533164 0.003398649 0.999987960 356.068176270
0.999993742 0.001005713 -0.003387992 -0.438636363 -0.001019617 0.999991059 -0.004104850 -6.006327152 0.003383833 0.004108279 0.999985814 357.659332275
0.999993503 0.000575897 -0.003545145 -0.447798908 -0.000590887 0.999990880 -0.004228809 -6.032870293 0.003542677 0.004230876 0.999984741 359.259216309
0.999993622 0.000017856 -0.003577523 -0.453121603 -0.000034389 0.999989331 -0.004621429 -6.073852062 0.003577402 0.004621522 0.999982893 360.855133057
0.999992907 -0.001259081 -0.003530232 -0.463229716 0.001236919 0.999979556 -0.006272761 -6.103748322 0.003538057 0.006268352 0.999974072 362.436737061
0.999989867 -0.002703577 -0.003602482 -0.474909425 0.002687996 0.999987066 -0.004322781 -6.138755322 0.003614122 0.004313054 0.999984145 364.036804199
0.999981880 -0.004457262 -0.004046518 -0.476176739 0.004442706 0.999983668 -0.003598996 -6.171972275 0.004062493 0.003580953 0.999985337 365.634918213
0.999980032 -0.005038988 -0.003806764 -0.483674526 0.005021385 0.999976635 -0.004619376 -6.203363419 0.003829953 0.004600168 0.999982059 367.234069824
0.999988735 -0.003554356 -0.003151823 -0.504678905 0.003537268 0.999979019 -0.005410785 -6.230780125 0.003170989 0.005399575 0.999980390 368.850158691
0.999992311 -0.002471719 -0.003049557 -0.514396489 0.002457827 0.999986649 -0.004550541 -6.269890785 0.003060764 0.004543011 0.999984980 370.424499512
0.999995530 -0.001002977 -0.002820921 -0.528383315 0.000992622 0.999992788 -0.003670041 -6.300943375 0.002824581 0.003667224 0.999989271 372.026397705
0.999996126 -0.001027089 -0.002571098 -0.533001781 0.001016511 0.999991000 -0.004112096 -6.334770203 0.002575298 0.004109467 0.999988258 373.620269775
0.999997139 -0.000663286 -0.002288009 -0.554839611 0.000651188 0.999985754 -0.005284230 -6.359727383 0.002291482 0.005282725 0.999983370 375.209686279
0.999997139 -0.000914508 -0.002193664 -0.556285381 0.000903601 0.999987245 -0.004967732 -6.404607773 0.002198179 0.004965736 0.999985278 376.816894531
0.999997497 -0.000814439 -0.002115377 -0.557516217 0.000803909 0.999987304 -0.004974087 -6.439428329 0.002119401 0.004972374 0.999985397 378.440399170
0.999997616 0.001230919 -0.001861240 -0.575156927 -0.001240525 0.999985874 -0.005168663 -6.468058109 0.001854851 0.005170960 0.999984920 380.050659180
0.999994755 0.002825554 -0.001619113 -0.585882902 -0.002832881 0.999985695 -0.004540399 -6.502204895 0.001606261 0.004544961 0.999988437 381.662414551
0.999991417 0.004012334 -0.001037272 -0.604129314 -0.004017710 0.999978244 -0.005233957 -6.534844398 0.001016249 0.005238080 0.999985754 383.279388428
