1.000000000 -0.000000000 0.000000000 0.000000000 -0.000000000 1.000000000 -0.000000000 0.000000000 0.000000000 -0.000000000 1.000000000 0.000000000
0.999997437 0.000955918 0.002055675 -0.008831510 -0.000953701 0.999998987 -0.001079137 -0.016558304 -0.002056705 0.001077174 0.999997318 1.206656814
0.999981582 0.001631519 0.005845672 -0.054397848 -0.001626939 0.999998391 -0.000788101 -0.035209272 -0.005846949 0.000778576 0.999982536 2.420457125
0.999973595 0.001342900 0.007145299 -0.057197347 -0.001338542 0.999998927 -0.000614688 -0.052726518 -0.007146116 0.000605107 0.999974310 3.624419212
0.999965787 0.001111884 0.008200101 -0.052027032 -0.001105372 0.999999106 -0.000798667 -0.071879134 -0.008200981 0.000789576 0.999966085 4.821485519
0.999956787 0.001020150 0.009233860 -0.054939177 -0.001016089 0.999999344 -0.000444491 -0.094854549 -0.009234307 0.000435089 0.999957263 6.017761230
0.999949157 0.001618098 0.009955087 -0.046558075 -0.001603563 0.999997675 -0.001467921 -0.116051227 -0.009957439 0.001451883 0.999949336 7.216037273
0.999937654 0.001185061 0.011102393 -0.050078593 -0.001167107 0.999997914 -0.001623507 -0.140106186 -0.011104296 0.001610448 0.999936998 8.399277687
0.999934852 0.000851981 0.011395475 -0.047633499 -0.000848586 0.999999523 -0.000302780 -0.157106474 -0.011395729 0.000293090 0.999935031 9.600129128
0.999949992 0.000426149 0.009992896 -0.039319396 -0.000433609 0.999999583 0.000744377 -0.180564955 -0.009992574 -0.000748672 0.999949813 10.798208237
0.999968112 -0.001008553 0.007915114 -0.046181329 0.001005403 0.999999344 0.000401949 -0.206002474 -0.007915514 -0.000393978 0.999968588 11.987360001
0.999981284 -0.000574526 0.006095834 -0.048871085 0.000575934 0.999999762 -0.000229169 -0.222387820 -0.006095701 0.000232675 0.999981403 13.183161736
0.999989212 -0.000836196 0.004574231 -0.044658244 0.000837136 0.999999642 -0.000203515 -0.247722119 -0.004574058 0.000207342 0.999989569 14.379807472
0.999991357 0.000789738 0.004081691 -0.054153420 -0.000788660 0.999999642 -0.000265830 -0.269382596 -0.004081899 0.000262608 0.999991655 15.569276810
0.999992907 0.000509667 0.003729624 -0.057160728 -0.000508473 0.999999821 -0.000320994 -0.288481385 -0.003729787 0.000319095 0.999993026 16.769411087
0.999996126 -0.000374895 0.002757058 -0.053507641 0.000375103 0.999999881 -0.000075101 -0.306267202 -0.002757030 0.000076135 0.999996305 17.952816010
0.999996662 -0.000633566 0.002510421 -0.059798382 0.000632111 0.999999583 0.000580416 -0.334386557 -0.002510788 -0.000578827 0.999996662 19.149559021
0.999998868 -0.000301358 0.001480068 -0.061217111 0.000301717 0.999999940 -0.000242356 -0.356981725 -0.001479995 0.000242802 0.999998808 20.348495483
0.999998569 -0.000833272 0.001475806 -0.071480185 0.000835159 0.999998748 -0.001278279 -0.378464371 -0.001474739 0.001279509 0.999998093 21.553775787
0.999999702 0.000335675 0.000595246 -0.074353844 -0.000335209 0.999999642 -0.000783346 -0.398014098 -0.000595509 0.000783147 0.999999464 22.750373840
0.999999821 -0.000335849 0.000451867 -0.097193964 0.000336298 0.999999464 -0.000994008 -0.422726423 -0.000451533 0.000994159 0.999999404 23.945404053
0.999999821 -0.000299396 -0.000462631 -0.104958378 0.000298629 0.999998629 -0.001656578 -0.444099844 0.000463127 0.001656440 0.999998510 25.139268875
0.999999285 0.000111479 -0.001203724 -0.117169604 -0.000112544 0.999999583 -0.000884964 -0.469283521 0.001203625 0.000885098 0.999998868 26.327234268
0.999997139 -0.001604754 -0.001820465 -0.125218421 0.001606431 0.999998212 0.000920284 -0.490937769 0.001818984 -0.000923206 0.999997854 27.530242920
0.999994576 -0.001609280 -0.002879378 -0.133863866 0.001611917 0.999998271 0.000913637 -0.510876715 0.002877902 -0.000918273 0.999995410 28.729467392
0.999990463 -0.002357942 -0.003689039 -0.144214109 0.002358465 0.999997199 0.000137574 -0.531083047 0.003688706 -0.000146273 0.999993205 29.930137634
0.999986827 -0.002569787 -0.004439596 -0.156513482 0.002566027 0.999996364 -0.000852455 -0.553746104 0.004441769 0.000841052 0.999989748 31.116334915
0.999985337 -0.001910846 -0.005062177 -0.172286436 0.001906314 0.999997795 -0.000900097 -0.573023200 0.005063886 0.000890434 0.999986768 32.314464569
0.999981105 -0.002193293 -0.005751008 -0.182730511 0.002191150 0.999997556 -0.000378848 -0.593415976 0.005751825 0.000366239 0.999983311 33.520084381
0.999976933 -0.002712873 -0.006214596 -0.195635036 0.002711596 0.999996305 -0.000213753 -0.614322424 0.006215154 0.000196897 0.999980688 34.705730438
0.999969900 -0.003403618 -0.006961032 -0.204657584 0.003404017 0.999994278 0.000045506 -0.640293360 0.006960837 -0.000069201 0.999975741 35.903621674
0.999968231 -0.003425403 -0.007193529 -0.222746313 0.003423433 0.999994099 -0.000286214 -0.659166038 0.007194466 0.000261579 0.999974072 37.098678589
0.999964178 -0.004322720 -0.007271583 -0.235291481 0.004327245 0.999990404 0.000606737 -0.683911502 0.007268889 -0.000638181 0.999973357 38.294616699
0.999967933 -0.003796903 -0.007049649 -0.253178030 0.003808349 0.999991477 0.001610983 -0.698753953 0.007043470 -0.001637779 0.999973774 39.499759674
0.999969900 -0.003105289 -0.007123147 -0.266373515 0.003120993 0.999992788 0.002194579 -0.713222444 0.007116281 -0.002216744 0.999972224 40.700084686
0.999972761 -0.002405248 -0.006981981 -0.280646414 0.002418431 0.999995410 0.001880498 -0.734320581 0.006977427 -0.001897333 0.999973834 41.899875641
0.999976039 -0.001310716 -0.006784554 -0.300632089 0.001323534 0.999997377 0.001885202 -0.754077554 0.006782065 -0.001894136 0.999975145 43.082736969
0.999979496 0.001092588 -0.006312278 -0.316900134 -0.001070199 0.999993086 0.003549354 -0.768573463 0.006316112 -0.003542525 0.999973774 44.281730652
0.999987602 0.001585311 -0.004695706 -0.329178512 -0.001554102 0.999976754 0.006642753 -0.785266161 0.004706126 -0.006635372 0.999966919 45.494228363
0.999995351 0.002030626 -0.002245263 -0.348804384 -0.002009114 0.999952495 0.009542296 -0.796255350 0.002264535 -0.009537741 0.999951959 46.693374634
0.999996245 0.002523223 -0.001050637 -0.352737308 -0.002509390 0.999912798 0.012966266 -0.804557502 0.001083261 -0.012963581 0.999915361 47.896060944
0.999999166 0.001202112 0.000211184 -0.358936846 -0.001204939 0.999902189 0.013938695 -0.810478568 -0.000194407 -0.013938939 0.999902844 49.106132507
0.999996901 0.000531654 0.002424545 -0.364485204 -0.000561464 0.999924064 0.012311161 -0.809024274 -0.002417817 -0.012312485 0.999921262 50.309482574
0.999992609 0.001556726 0.003513018 -0.370163858 -0.001593818 0.999942720 0.010580413 -0.815141380 -0.003496347 -0.010585934 0.999937892 51.517749786
0.999988556 0.001529962 0.004517168 -0.371858418 -0.001575554 0.999947667 0.010106867 -0.820802748 -0.004501469 -0.010113870 0.999938786 52.722457886
0.999990284 0.001160060 0.004240859 -0.369936228 -0.001201729 0.999950886 0.009836338 -0.835535467 -0.004229239 -0.009841340 0.999942660 53.905410767
0.999991953 0.000584143 0.003964316 -0.381340712 -0.000617636 0.999964058 0.008452886 -0.841049790 -0.003959235 -0.008455265 0.999956429 55.118686676
0.999997020 0.000750948 0.002333431 -0.381900966 -0.000772234 0.999958098 0.009134950 -0.850746870 -0.002326473 -0.009136727 0.999955595 56.314437866
0.999999046 0.000905883 0.001046365 -0.387043983 -0.000916305 0.999949515 0.010002917 -0.856764078 -0.001037250 -0.010003866 0.999949455 57.524658203
0.999999821 0.000587661 -0.000086707 -0.393479288 -0.000586688 0.999941230 0.010826352 -0.872121215 0.000093064 -0.010826298 0.999941409 58.716579437
0.999998808 0.001324759 -0.000788922 -0.401658475 -0.001316568 0.999946177 0.010294183 -0.874990940 0.000802517 -0.010293132 0.999946713 59.918556213
0.999996662 0.002048231 -0.001575896 -0.412468106 -0.002031673 0.999943495 0.010437534 -0.888301253 0.001597185 -0.010434297 0.999944329 61.125755310
0.999998271 0.000916224 -0.001616147 -0.418514132 -0.000900817 0.999954462 0.009508027 -0.891788244 0.001624786 -0.009506555 0.999953568 62.322612762
0.999997973 0.000475791 -0.001957524 -0.424423695 -0.000458362 0.999960482 0.008894356 -0.907471001 0.001961679 -0.008893441 0.999958456 63.539695740
0.999997377 0.000321713 -0.002271583 -0.431609213 -0.000298887 0.999949515 0.010041825 -0.915684760 0.002274699 -0.010041117 0.999946952 64.748123169
0.999996662 -0.000372390 -0.002565409 -0.438697100 0.000402003 0.999933183 0.011552203 -0.926022589 0.002560936 -0.011553195 0.999929965 65.953781128
0.999996662 0.000630303 -0.002500588 -0.457981825 -0.000605524 0.999950826 0.009897519 -0.933939159 0.002506704 -0.009895973 0.999947846 67.141654968
0.999994576 0.002501101 -0.002126374 -0.474188507 -0.002482225 0.999957860 0.008833922 -0.943756163 0.002148378 -0.008828595 0.999958694 68.341232300
0.999986231 0.004594574 -0.002505920 -0.481852084 -0.004571731 0.999948621 0.009046279 -0.953370273 0.002547355 -0.009034698 0.999955952 69.533309937
0.999974191 0.006798630 -0.002289269 -0.494196415 -0.006777648 0.999936044 0.009051558 -0.960078657 0.002350661 -0.009035808 0.999956429 70.725036621
0.999967694 0.007760456 -0.002071660 -0.508287370 -0.007740054 0.999923110 0.009681673 -0.973320365 0.002146637 -0.009665325 0.999950945 71.920402527
0.999964356 0.008379793 -0.001055563 -0.515612960 -0.008367950 0.999907017 0.010764221 -0.984346092 0.001145667 -0.010755003 0.999941528 73.113967896
0.999948204 0.010160192 0.000651743 -0.519499779 -0.010166978 0.999882936 0.011429361 -0.990244210 -0.000535542 -0.011435397 0.999934494 74.310379028
0.999952137 0.009102703 0.003564534 -0.525337100 -0.009135137 0.999916017 0.009191216 -1.002932549 -0.003480570 -0.009223340 0.999951363 75.494117737
0.999960303 0.006385242 0.006206132 -0.525800228 -0.006409576 0.999971807 0.003908851 -1.013002753 -0.006180998 -0.003948474 0.999973118 76.673690796
0.999931991 0.007865668 0.008605333 -0.518580377 -0.007897916 0.999961913 0.003720016 -1.030060768 -0.008575744 -0.003787727 0.999956071 77.858695984
0.999914348 0.006372827 0.011435453 -0.509021938 -0.006456255 0.999952734 0.007273570 -1.044746399 -0.011388560 -0.007346777 0.999908149 79.039726257
0.999869287 0.006805663 0.014668358 -0.497212410 -0.006931616 0.999939382 0.008553104 -1.058614254 -0.014609260 -0.008653662 0.999855876 80.220481873
0.999793589 0.006907626 0.019103298 -0.491924047 -0.007037617 0.999952495 0.006745763 -1.068895102 -0.019055793 -0.006878813 0.999794662 81.393814087
0.999728978 0.005663420 0.022579692 -0.469078660 -0.005749445 0.999976516 0.003746749 -1.083880782 -0.022557940 -0.003875555 0.999737978 82.554542542
0.999658942 0.004670706 0.025690213 -0.444971561 -0.004679851 0.999989033 0.000295882 -1.103021383 -0.025688550 -0.000416007 0.999669790 83.750900269
0.999570191 0.004078600 0.029029010 -0.413786173 -0.004065733 0.999991655 -0.000502248 -1.123211980 -0.029030815 0.000384008 0.999578416 84.913848877
0.999452591 0.004051213 0.032834414 -0.381918430 -0.004093166 0.999990821 0.001210596 -1.147515774 -0.032829218 -0.001344330 0.999459982 86.073684692
0.999310613 0.005183558 0.036762930 -0.346055031 -0.005249303 0.999984741 0.001692035 -1.168166637 -0.036753602 -0.001883848 0.999322534 87.219001770
0.999173045 0.004679883 0.040388972 -0.305986643 -0.004659224 0.999988914 -0.000605631 -1.187020302 -0.040391359 0.000416948 0.999183834 88.388549805
0.999042392 0.004423067 0.043528110 -0.257602930 -0.004296703 0.999986351 -0.002996190 -1.208204865 -0.043540765 0.002806294 0.999047697 89.536468506
0.998891652 0.004665498 0.046837348 -0.210677624 -0.004520198 0.999984562 -0.003207665 -1.229850888 -0.046851587 0.002992396 0.998897374 90.701995850
0.998755872 0.003555563 0.049741045 -0.157606125 -0.003456228 0.999991775 -0.002082913 -1.251468062 -0.049748048 0.001908405 0.998759985 91.857925415
0.998612165 0.002797993 0.052594014 -0.104530334 -0.002772692 0.999996126 -0.000554028 -1.273468375 -0.052595355 0.000407432 0.998615801 93.020935059
0.998465776 0.001771370 0.055343177 -0.043916225 -0.001838400 0.999997616 0.001160300 -1.292408943 -0.055340990 -0.001260263 0.998466671 94.182853699
0.998342991 0.000002472 0.057542995 0.026035309 -0.000121814 0.999997854 0.002070453 -1.309479475 -0.057542868 -0.002074033 0.998340845 95.341606140
0.998190641 -0.000818406 0.060123589 0.086266518 0.000820574 0.999999642 -0.000011363 -1.332302451 -0.060123563 0.000060678 0.998190880 96.498405457
0.998058617 -0.002221543 0.062242482 0.158099651 0.002453128 0.999990284 -0.003644525 -1.351714373 -0.062233780 0.003790139 0.998054385 97.652519226
0.997927308 -0.001302937 0.064337306 0.225301743 0.001724305 0.999977410 -0.006494255 -1.371394396 -0.064327389 0.006591732 0.997907102 98.815437317
0.997818530 -0.001394414 0.066003010 0.298509598 0.001891980 0.999970317 -0.007476643 -1.393973589 -0.065990627 0.007585209 0.997791409 99.990425110
0.997792482 -0.001148419 0.066398233 0.369159222 0.001606482 0.999975383 -0.006845735 -1.417779565 -0.066388719 0.006937290 0.997769833 101.175193787
0.997847736 -0.000890419 0.065568037 0.444541454 0.001207720 0.999987781 -0.004799795 -1.443973780 -0.065562956 0.004868651 0.997836590 102.362701416
0.997922122 -0.001626955 0.064411111 0.511165142 0.001864517 0.999991655 -0.003628281 -1.465551615 -0.064404674 0.003740838 0.997916877 103.542533875
0.998066187 -0.001054086 0.062152658 0.583857536 0.001228804 0.999995351 -0.002772949 -1.485890627 -0.062149461 0.002843960 0.998062849 104.730834961
0.998220921 -0.001032762 0.059613466 0.648817539 0.001174466 0.999996483 -0.002342062 -1.507290602 -0.059610851 0.002407909 0.998218834 105.925697327
0.998367071 -0.000404087 0.057122536 0.704855442 0.000534756 0.999997199 -0.002272255 -1.531581283 -0.057121463 0.002299090 0.998364568 107.152381897
0.998575985 0.001321689 0.053329628 0.755318642 -0.001169707 0.999995112 -0.002880979 -1.547961831 -0.053333178 0.002814497 0.998572767 108.345558167
0.998780787 0.001044623 0.049352560 0.817930222 -0.000928552 0.999996662 -0.002374757 -1.568708062 -0.049354877 0.002326035 0.998778582 109.560951233
0.998978257 0.001729693 0.045160059 0.869503975 -0.001676686 0.999997795 -0.001211609 -1.589687467 -0.045162067 0.001134652 0.998978972 110.788238525
0.999162495 0.002122930 0.040863018 0.915280104 -0.002102853 0.999997616 -0.000534319 -1.612184405 -0.040864058 0.000447942 0.999164581 111.992744446
0.999325216 0.002333551 0.036654893 0.949861050 -0.002330159 0.999997258 -0.000135251 -1.629128456 -0.036655109 0.000049748 0.999327958 113.212959290
0.999499381 0.002816484 0.031511553 0.991609812 -0.002821035 0.999996006 0.000099966 -1.651944280 -0.031511147 -0.000188812 0.999503374 114.439445496
0.999643087 0.003262508 0.026515000 1.015138626 -0.003262979 0.999994695 -0.000025509 -1.668268919 -0.026514944 -0.000061018 0.999648511 115.658691406
0.999752343 0.004144432 0.021865672 1.028443098 -0.004137843 0.999991357 -0.000346572 -1.688803434 -0.021866919 0.000256010 0.999760807 116.887580872
0.999837816 0.005126938 0.017265398 1.038345218 -0.005108466 0.999986291 -0.001113803 -1.706177711 -0.017270872 0.001025422 0.999850273 118.114265442
0.999879181 0.007161016 0.013797822 1.049237967 -0.007148511 0.999974012 -0.000955375 -1.730833411 -0.013804304 0.000856626 0.999904335 119.363891602
0.999894679 0.009020746 0.011372291 1.060148358 -0.009011810 0.999959052 -0.000836822 -1.750747919 -0.011379374 0.000734249 0.999934971 120.610656738
0.999891102 0.010408442 0.010465026 1.059376478 -0.010395718 0.999945223 -0.001269454 -1.771394968 -0.010477666 0.001160524 0.999944389 121.843872070
0.999878287 0.012427379 0.009424508 1.065030217 -0.012417927 0.999922335 -0.001060912 -1.790161133 -0.009436958 0.000943750 0.999955058 123.106239319
0.999865592 0.013879865 0.008719282 1.058584332 -0.013878088 0.999903679 -0.000264334 -1.809846997 -0.008722111 0.000143292 0.999961972 124.357734680
0.999875426 0.013521655 0.008144309 1.060204506 -0.013521595 0.999908626 -0.000062454 -1.825173616 -0.008144410 -0.000047677 0.999966860 125.606857300
0.999823332 0.017393336 0.007121493 1.061060548 -0.017409703 0.999845922 0.002243183 -1.847909331 -0.007081380 -0.002366771 0.999972105 126.852394104
0.999809682 0.018355986 0.006617341 1.058677316 -0.018391138 0.999816835 0.005290627 -1.860292673 -0.006519015 -0.005411320 0.999964178 128.106323242
0.999839842 0.016953392 0.005753600 1.066587210 -0.016981324 0.999844015 0.004841113 -1.875221491 -0.005670631 -0.004938042 0.999971747 129.370330811
0.999841094 0.017025238 0.005274523 1.064924717 -0.017041920 0.999849796 0.003133936 -1.884585857 -0.005220375 -0.003223326 0.999981225 130.625518799
0.999884605 0.014475029 0.004606338 1.069861054 -0.014495570 0.999884963 0.004457639 -1.903832912 -0.004541285 -0.004523895 0.999979436 131.887130737
0.999921679 0.012001321 0.003551739 1.073919058 -0.012024323 0.999906361 0.006527488 -1.922374129 -0.003473069 -0.006569684 0.999972403 133.154113770
0.999956191 0.008565545 0.003776377 1.068194866 -0.008596430 0.999929130 0.008239792 -1.931887507 -0.003705530 -0.008271893 0.999958992 134.428848267
0.999973714 0.006381813 0.003441593 1.064721823 -0.006413039 0.999937654 0.009140112 -1.942855716 -0.003383047 -0.009161941 0.999952316 135.711654663
0.999991953 0.002327873 0.003264908 1.079295754 -0.002352109 0.999969602 0.007439013 -1.952968717 -0.003247492 -0.007446633 0.999966979 136.954330444
0.999994695 -0.000094846 0.003246700 1.080431461 0.000073906 0.999979258 0.006449115 -1.963203192 -0.003247245 -0.006448841 0.999973953 138.226959229
0.999993443 -0.001188212 0.003404077 1.087496400 0.001167762 0.999981284 0.006003577 -1.970740080 -0.003411146 -0.005999562 0.999976218 139.504196167
0.999991059 -0.001610455 0.003936989 1.086061835 0.001586312 0.999980032 0.006127613 -1.980512619 -0.003946779 -0.006121312 0.999973476 140.782852173
0.999989092 -0.001004394 0.004553701 1.087534308 0.000965913 0.999963880 0.008444666 -1.996244907 -0.004562017 -0.008440175 0.999953985 142.048309326
0.999985397 0.001293552 0.005248055 1.084958673 -0.001346257 0.999948561 0.010051792 -2.008456230 -0.005234782 -0.010058708 0.999935687 143.328842163
0.999980211 0.001401714 0.006126417 1.083016634 -0.001452624 0.999964356 0.008313235 -2.020713568 -0.006114546 -0.008321966 0.999946713 144.608947754
0.999975264 0.002108538 0.006711556 1.078650475 -0.002151124 0.999977589 0.006344358 -2.029798508 -0.006698029 -0.006358639 0.999957323 145.884857178
0.999972224 0.002085544 0.007171317 1.082926631 -0.002113951 0.999989927 0.003955929 -2.048311234 -0.007162996 -0.003970978 0.999966443 147.160232544
0.999971330 0.001002679 0.007508390 1.088258028 -0.001004034 0.999999464 0.000176779 -2.072881937 -0.007508210 -0.000184312 0.999971747 148.447753906
0.999967694 0.001084868 0.007969230 1.090823054 -0.001056294 0.999992967 -0.003588878 -2.092276096 -0.007973068 0.003580345 0.999961793 149.724884033
0.999966145 0.000901718 0.008181802 1.096995354 -0.000865665 0.999989927 -0.004408990 -2.119194031 -0.008185695 0.004401757 0.999956787 150.990615845
0.999965370 0.001041634 0.008255857 1.099514246 -0.001006377 0.999990404 -0.004273565 -2.144681931 -0.008260229 0.004265108 0.999956787 152.258041382
0.999967933 0.001270057 0.007911063 1.109634995 -0.001242585 0.999993205 -0.003476501 -2.176988602 -0.007915424 0.003466559 0.999962687 153.519210815
0.999969780 0.001744571 0.007578101 1.117159128 -0.001726000 0.999995470 -0.002456409 -2.202041149 -0.007582351 0.002443254 0.999968290 154.782089233
0.999966621 0.002580077 0.007754311 1.108146548 -0.002565339 0.999994874 -0.001909950 -2.228247166 -0.007759200 0.001889994 0.999968112 156.051284790
0.999968648 0.002867006 0.007384523 1.106878638 -0.002852045 0.999993861 -0.002035662 -2.254985332 -0.007390315 0.002014538 0.999970615 157.324829102
0.999974549 0.003107808 0.006411782 1.116894484 -0.003095418 0.999993324 -0.001941468 -2.280162811 -0.006417773 0.001921571 0.999977589 158.587188721
0.999981105 0.002463427 0.005624144 1.120043039 -0.002459994 0.999996722 -0.000617243 -2.303876638 -0.005625647 0.000603396 0.999984026 159.853942871
0.999977469 0.003867002 0.005486218 1.111640334 -0.003865634 0.999992490 -0.000259985 -2.328447104 -0.005487183 0.000238771 0.999984860 161.132247925
0.999980569 0.003948326 0.004816911 1.111118197 -0.003941212 0.999991119 -0.001485339 -2.348985434 -0.004822733 0.001466325 0.999987245 162.402526855
0.999980867 0.004493990 0.004248316 1.108351946 -0.004482816 0.999986470 -0.002635846 -2.371810198 -0.004260104 0.002616751 0.999987483 163.659271240
0.999980688 0.005326874 0.003197652 1.110238791 -0.005318187 0.999982119 -0.002718854 -2.395678759 -0.003212077 0.002701796 0.999991179 164.921005249
0.999982178 0.005205265 0.002902148 1.100416183 -0.005194890 0.999980152 -0.003571123 -2.421560049 -0.002920679 0.003555984 0.999989331 166.195770264
0.999983311 0.005497454 0.001809063 1.099959493 -0.005489188 0.999974608 -0.004543261 -2.447792053 -0.001833994 0.004533255 0.999988019 167.464721680
0.999982953 0.005634117 0.001529686 1.092206120 -0.005627367 0.999974549 -0.004382032 -2.474756479 -0.001554336 0.004373350 0.999989152 168.735549927
0.999982119 0.005972010 0.000374404 1.092233300 -0.005970879 0.999977827 -0.002951756 -2.501849890 -0.000392025 0.002949468 0.999995530 170.007995605
0.999982655 0.005888856 0.000153904 1.086225152 -0.005888478 0.999979913 -0.002350002 -2.531389713 -0.000167740 0.002349055 0.999997139 171.270065308
0.999979258 0.006378479 -0.000789790 1.079341531 -0.006379996 0.999977767 -0.001934131 -2.555413723 0.000777437 0.001939130 0.999997854 172.540481567
0.999975622 0.006805887 -0.001516245 1.070456982 -0.006808550 0.999975264 -0.001758048 -2.580361366 0.001504242 0.001768328 0.999997258 173.825164795
0.999975443 0.006741554 -0.001902276 1.062262058 -0.006746010 0.999974489 -0.002345550 -2.611979723 0.001886413 0.002358325 0.999995410 175.060516357
0.999967992 0.007666101 -0.002266804 1.045721769 -0.007673348 0.999965370 -0.003205572 -2.631646156 0.002242151 0.003222864 0.999992251 176.328247070
0.999965727 0.007767720 -0.002865555 1.034574032 -0.007776389 0.999965191 -0.003026916 -2.650858641 0.002841942 0.003049096 0.999991238 177.592346191
0.999965310 0.007883011 -0.002670292 1.014670014 -0.007893659 0.999960840 -0.004001177 -2.682441950 0.002638646 0.004022118 0.999988437 178.845870972
0.999973357 0.006785321 -0.002703299 1.004442692 -0.006800923 0.999960065 -0.005804990 -2.704845428 0.002663803 0.005823221 0.999979496 180.113189697
0.999989271 0.003622900 -0.002889771 0.998177648 -0.003639048 0.999977648 -0.005602489 -2.735381603 0.002869410 0.005612945 0.999980092 181.371749878
0.999988735 0.003335076 -0.003378877 0.986940444 -0.003342131 0.999992192 -0.002084682 -2.759216547 0.003371898 0.002095951 0.999992073 182.639663696
0.999990702 0.002817455 -0.003259880 0.978744566 -0.002808742 0.999992490 0.002674117 -2.789192677 0.003267389 -0.002664936 0.999991119 183.901870728
0.999985278 0.004122730 -0.003498257 0.968820810 -0.004115569 0.999989390 0.002051683 -2.807652473 0.003506679 -0.002037257 0.999991775 185.159957886
0.999979019 0.005757475 -0.002957879 0.952194512 -0.005761320 0.999982536 -0.001293068 -2.827833891 0.002950382 0.001310083 0.999994755 186.411224365
0.999975562 0.006149850 -0.003315574 0.944825888 -0.006159509 0.999976814 -0.002910728 -2.855166912 0.003297599 0.002931079 0.999990225 187.654724121
0.999975562 0.006018632 -0.003537256 0.930871129 -0.006027912 0.999978423 -0.002618864 -2.884393454 0.003521417 0.002640123 0.999990225 188.915222168
0.999976277 0.005958071 -0.003449155 0.919765234 -0.005963837 0.999980807 -0.001664041 -2.906931400 0.003439175 0.001684572 0.999992609 190.169219971
0.999978542 0.005779374 -0.003076804 0.906446159 -0.005777662 0.999983132 0.000564921 -2.930481434 0.003080016 -0.000547131 0.999995112 191.418884277
0.999985158 0.004878775 -0.002439680 0.898635030 -0.004875490 0.999987245 0.001350594 -2.955537796 0.002446237 -0.001338679 0.999996066 192.668624878
0.999987006 0.004981083 -0.001063225 0.892447710 -0.004980328 0.999987304 0.000712980 -2.976973295 0.001066764 -0.000707675 0.999999166 193.908325195
0.999992847 0.003759460 0.000269045 0.888798594 -0.003759287 0.999992728 -0.000639486 -2.999993324 -0.000271449 0.000638470 0.999999702 195.135040283
0.999990344 0.004007342 0.001766160 0.882273436 -0.004003421 0.999989450 -0.002217918 -3.026202440 -0.001775030 0.002210826 0.999996006 196.360733032
0.999990225 0.003235684 0.002995899 0.884556949 -0.003227266 0.999990821 -0.002810266 -3.050138950 -0.003004965 0.002800571 0.999991596 197.576492310
0.999983966 0.003536379 0.004450684 0.880563140 -0.003527412 0.999991834 -0.002020905 -3.077296495 -0.004457795 0.002005172 0.999988079 198.803283691
0.999977708 0.003228531 0.005858030 0.884133935 -0.003227131 0.999994755 -0.000248620 -3.102322102 -0.005858802 0.000229710 0.999982834 200.018539429
0.999965429 0.004218503 0.007167662 0.881646514 -0.004219977 0.999991000 0.000190504 -3.129504442 -0.007166795 -0.000220745 0.999974310 201.239730835
0.999956667 0.004143707 0.008334056 0.883127987 -0.004145097 0.999991357 0.000149540 -3.149631739 -0.008333363 -0.000184079 0.999965310 202.447860718
0.999955237 0.003531517 0.008781418 0.897715509 -0.003533529 0.999993801 0.000213582 -3.176284313 -0.008780608 -0.000244602 0.999961495 203.661437988
0.999935687 0.003805047 0.010684538 0.891638517 -0.003812995 0.999992490 0.000723602 -3.201004505 -0.010681706 -0.000764296 0.999942601 204.845336914
0.999926686 0.004051068 0.011407144 0.898981214 -0.004056540 0.999991596 0.000456560 -3.221045732 -0.011405202 -0.000502801 0.999934793 206.040664673
0.999916911 0.003534427 0.012394377 0.901048064 -0.003546524 0.999993205 0.000954112 -3.249011040 -0.012390923 -0.000997990 0.999922693 207.208007812
0.999910653 0.003147661 0.013001664 0.914306998 -0.003154945 0.999994874 0.000539719 -3.265533447 -0.012999902 -0.000580690 0.999915302 208.379913330
0.999906719 0.003214862 0.013279708 0.920398712 -0.003233982 0.999993742 0.001418487 -3.289085388 -0.013275065 -0.001461301 0.999910891 209.536926270
0.999915957 0.002206006 0.012778161 0.934710145 -0.002235217 0.999994934 0.002272165 -3.308769703 -0.012773084 -0.002300535 0.999915779 210.666320801
0.999921799 0.002256727 0.012308349 0.939239621 -0.002286704 0.999994397 0.002421985 -3.332160473 -0.012302815 -0.002449940 0.999921322 211.781921387
0.999924481 0.003134230 0.011881988 0.949474812 -0.003151790 0.999993980 0.001459451 -3.357047081 -0.011877342 -0.001496789 0.999928355 212.886627197
0.999931693 0.003229322 0.011246949 0.956949353 -0.003235294 0.999994576 0.000512701 -3.374985695 -0.011245235 -0.000549053 0.999936581 213.975204468
0.999935627 0.003248887 0.010874739 0.961557031 -0.003253866 0.999994636 0.000440181 -3.398362160 -0.010873251 -0.000475538 0.999940813 215.042541504
0.999950051 0.002680572 0.009622048 0.965632558 -0.002686272 0.999996245 0.000579557 -3.423172235 -0.009620459 -0.000605376 0.999953508 216.108245850
0.999965549 0.002299348 0.007973576 0.972170353 -0.002311291 0.999996185 0.001488959 -3.444900513 -0.007970123 -0.001507337 0.999967098 217.159530640
0.999981165 0.001544871 0.005932328 0.972700894 -0.001561315 0.999994874 0.002768283 -3.459190369 -0.005928022 -0.002777493 0.999978602 218.205871582
0.999990880 0.001933507 0.003825656 0.970099092 -0.001949799 0.999989033 0.004259656 -3.475804090 -0.003817379 -0.004267076 0.999983609 219.228698730
0.999996960 0.001834250 0.001621688 0.963928223 -0.001841670 0.999987781 0.004586386 -3.497339725 -0.001613254 -0.004589358 0.999988139 220.249801636
0.999997318 0.001926779 -0.001298719 0.961737037 -0.001921447 0.999989748 0.004094140 -3.513406038 0.001306593 -0.004091632 0.999990761 221.241058350
0.999989808 0.002216385 -0.003939677 0.948164105 -0.002199767 0.999988616 0.004217530 -3.532320738 0.003948981 -0.004208819 0.999983311 222.195373535
0.999972880 0.002548060 -0.006908269 0.940849543 -0.002514516 0.999985039 0.004859872 -3.553216219 0.006920548 -0.004842367 0.999964356 223.150070190
0.999946356 0.002839400 -0.009962862 0.925019503 -0.002791340 0.999984503 0.004834408 -3.573646545 0.009976437 -0.004806340 0.999938726 224.080429077
0.999916136 0.003447859 -0.012480406 0.906415939 -0.003397305 0.999985993 0.004069586 -3.586954832 0.012494264 -0.004026846 0.999913812 224.986114502
0.999870896 0.002615829 -0.015851365 0.887728930 -0.002559148 0.999990284 0.003594979 -3.604569674 0.015860613 -0.003553948 0.999867797 225.859008789
0.999813795 0.003803136 -0.018918011 0.861871719 -0.003737767 0.999986887 0.003489603 -3.624131203 0.018931035 -0.003418242 0.999814868 226.716995239
0.999765098 0.003718985 -0.021349639 0.833410740 -0.003655725 0.999988794 0.003001317 -3.645313263 0.021360561 -0.002922564 0.999767542 227.544631958
0.999684453 0.005793950 -0.024439029 0.816270351 -0.005729429 0.999979854 0.002709264 -3.658111572 0.024454234 -0.002568387 0.999697626 228.357925415
0.999666035 0.006755212 -0.024939828 0.788799286 -0.006678164 0.999972641 0.003171300 -3.674110889 0.024960564 -0.003003689 0.999683976 229.155960083
0.999671757 0.006474181 -0.024786100 0.763155937 -0.006377005 0.999971688 0.003997616 -3.688076496 0.024811275 -0.003838243 0.999684811 229.945465088
0.999684453 0.006548696 -0.024247795 0.744199276 -0.006428045 0.999966621 0.005050302 -3.705507755 0.024280066 -0.004892841 0.999693215 230.707595825
0.999696255 0.006656892 -0.023726115 0.721164703 -0.006547575 0.999967575 0.004682177 -3.719659805 0.023756513 -0.004525406 0.999707520 231.451446533
0.999711394 0.006882223 -0.023014115 0.697486401 -0.006824838 0.999973476 0.002571035 -3.732435942 0.023031197 -0.002413224 0.999731898 232.189407349
0.999719858 0.007225129 -0.022538191 0.683541775 -0.007215012 0.999973953 0.000530109 -3.748613358 0.022541437 -0.000367347 0.999745846 232.916564941
0.999746978 0.007141874 -0.021331478 0.664116383 -0.007158705 0.999974132 -0.000712764 -3.764113903 0.021325838 0.000865289 0.999772131 233.640136719
0.999770582 0.008047053 -0.019850917 0.645162582 -0.008074709 0.999966562 -0.001313492 -3.777750492 0.019839682 0.001473481 0.999802053 234.358825684
0.999810815 0.006955314 -0.018159464 0.632184505 -0.006982249 0.999974608 -0.001420327 -3.790966034 0.018149126 0.001546852 0.999834061 235.094345093
0.999838710 0.007051517 -0.016514992 0.619082212 -0.007075501 0.999974132 -0.001394355 -3.807950020 0.016504735 0.001510982 0.999862611 235.810073853
0.999864459 0.007346332 -0.014733545 0.607196093 -0.007371840 0.999971390 -0.001677761 -3.820478678 0.014720802 0.001786146 0.999889970 236.519088745
0.999893188 0.006976355 -0.012846160 0.602548838 -0.006997901 0.999974251 -0.001633111 -3.840440989 0.012834439 0.001722832 0.999916077 237.209747314
0.999930382 0.006800157 -0.009641893 0.588294744 -0.006812994 0.999975920 -0.001299069 -3.854679585 0.009632827 0.001364669 0.999952674 237.936569214
0.999962091 0.005864040 -0.006442596 0.582790136 -0.005867323 0.999982595 -0.000490674 -3.869813204 0.006439604 0.000528456 0.999979138 238.638320923
0.999981105 0.005344542 -0.003028227 0.573541582 -0.005345946 0.999985516 -0.000455329 -3.881902695 0.003025750 0.000471509 0.999995291 239.333328247
0.999988019 0.004883212 -0.000286062 0.576771438 -0.004883294 0.999987900 -0.000285738 -3.897342205 0.000284661 0.000287131 0.999999940 240.023162842
0.999987304 0.004483222 0.002304859 0.582359135 -0.004481490 0.999989629 -0.000756181 -3.910921812 -0.002308227 0.000745842 0.999997079 240.741760254
0.999976873 0.004241792 0.005321178 0.584358513 -0.004235105 0.999990284 -0.001267261 -3.920896530 -0.005326502 0.001244696 0.999985099 241.431152344
0.999952912 0.005338299 0.008106722 0.589471817 -0.005321822 0.999983668 -0.002052794 -3.934849977 -0.008117549 0.002009555 0.999965012 242.123580933
0.999921203 0.005411489 0.011328626 0.593143225 -0.005382376 0.999982178 -0.002598706 -3.948600054 -0.011342488 0.002537526 0.999932408 242.823104858
0.999885082 0.005855718 0.013984408 0.603159666 -0.005835514 0.999981821 -0.001485144 -3.964182854 -0.013992853 0.001403367 0.999901056 243.526214600
0.999843657 0.006170270 0.016572781 0.609657526 -0.006156394 0.999980628 -0.000888193 -3.976455450 -0.016577940 0.000786025 0.999862313 244.230865479
0.999803662 0.005799192 0.018947294 0.622387886 -0.005777743 0.999982595 -0.001186575 -3.990361452 -0.018953845 0.001076870 0.999819815 244.932723999
0.999756753 0.005869242 0.021261789 0.634980679 -0.005813244 0.999979436 -0.002694642 -4.004511833 -0.021277167 0.002570386 0.999770343 245.632843018
0.999721885 0.005953157 0.022820055 0.650907993 -0.005837256 0.999969661 -0.005142189 -4.017220497 -0.022849979 0.005007552 0.999726295 246.344223022
0.999703526 0.005167112 0.023795567 0.667589664 -0.005005271 0.999963939 -0.006855861 -4.028378487 -0.023830134 0.006734726 0.999693334 247.059814453
0.999697387 0.005057778 0.024079524 0.682253838 -0.004886612 0.999962389 -0.007161931 -4.044065475 -0.024114845 0.007042096 0.999684393 247.783615112
0.999700248 0.004085591 0.024138261 0.700079441 -0.003902508 0.999963284 -0.007626967 -4.061573505 -0.024168534 0.007530481 0.999679565 248.509780884
0.999694467 0.005382095 0.024125021 0.715407848 -0.005191907 0.999955118 -0.007939097 -4.078399658 -0.024166668 0.007811418 0.999677360 249.251785278
0.999684334 0.005859957 0.024432655 0.730336189 -0.005656447 0.999948800 -0.008390234 -4.093948841 -0.024480570 0.008249382 0.999666274 249.989410400
0.999679387 0.004873515 0.024848266 0.741151333 -0.004615879 0.999935031 -0.010415228 -4.108783722 -0.024897413 0.010297191 0.999636948 250.748687744
0.999680638 0.001201226 0.025243837 0.761096478 -0.000883693 0.999920487 -0.012585961 -4.128278255 -0.025256947 0.012559635 0.999602079 251.503051758
0.999668479 -0.002224970 0.025651086 0.785696030 0.002565169 0.999909043 -0.013237277 -4.147152901 -0.025619296 0.013298689 0.999583304 252.267013550
0.999655604 0.000175946 0.026240954 0.801736355 0.000071016 0.999955654 -0.009410085 -4.161405087 -0.026241446 0.009408707 0.999611378 253.052001953
0.999632061 0.003930146 0.026836811 0.811292171 -0.003842837 0.999987125 -0.003304114 -4.175137520 -0.026849452 0.003199770 0.999634326 253.827087402
0.999611259 0.003079313 0.027707627 0.831150532 -0.003088241 0.999995172 0.000279418 -4.192893982 -0.027706634 -0.000364877 0.999615967 254.616516113
0.999547064 0.002327178 0.030002905 0.856939793 -0.002258908 0.999994814 -0.002309128 -4.202496052 -0.030008120 0.002240309 0.999547124 255.417587280
0.999423802 0.002817578 0.033823978 0.882421970 -0.002545319 0.999963999 -0.008089692 -4.219421864 -0.033845559 0.007998941 0.999395013 256.223571777
0.999275029 0.004873064 0.037756957 0.902688980 -0.004436590 0.999922395 -0.011635281 -4.233989239 -0.037810732 0.011459334 0.999219179 257.029052734
0.999135315 0.006854994 0.041006409 0.929901123 -0.006389491 0.999913752 -0.011472259 -4.251006126 -0.041081522 0.011200329 0.999092996 257.845642090
0.999017060 0.005414410 0.043995775 0.969571114 -0.005003097 0.999942780 -0.009453656 -4.264070988 -0.044044442 0.009224249 0.998986959 258.689575195
0.998893261 0.002292193 0.046979286 1.011643410 -0.002000111 0.999978423 -0.006263297 -4.283249378 -0.046992630 0.006162402 0.998876214 259.522918701
0.998752058 -0.000673629 0.049940407 1.052036285 0.000915118 0.999987960 -0.004812839 -4.300499916 -0.049936567 0.004852535 0.998740554 260.362243652
0.998594522 0.000390940 0.052998841 1.095035553 -0.000171758 0.999991417 -0.004140093 -4.319107056 -0.053000003 0.004125171 0.998585999 261.225036621
0.998463392 0.002451978 0.055361640 1.139657974 -0.002107125 0.999978006 -0.006286628 -4.336033821 -0.055375833 0.006160313 0.998446643 262.067596436
0.998315632 0.002953927 0.057942454 1.178524017 -0.002451173 0.999958754 -0.008745929 -4.355804920 -0.057965908 0.008589169 0.998281717 262.899627686
0.998158753 0.003095307 0.060575709 1.227816582 -0.002575930 0.999959230 -0.008650217 -4.375888824 -0.060600016 0.008478253 0.998126090 263.766204834
0.997988522 0.003981948 0.063270159 1.276429176 -0.003595518 0.999974132 -0.006220314 -4.399612904 -0.063293293 0.005980312 0.997977078 264.606048584
0.997760236 0.005884368 0.066632912 1.324602127 -0.005567458 0.999972165 -0.004940758 -4.415286541 -0.066660143 0.004558714 0.997765362 265.450836182
0.997583449 0.006103009 0.069210179 1.387506485 -0.005768084 0.999970675 -0.005038048 -4.436750412 -0.069238901 0.004626662 0.997589409 266.330993652
0.997402787 0.006095339 0.071767814 1.445028305 -0.005711103 0.999968231 -0.005557854 -4.454662323 -0.071799412 0.005133545 0.997405946 267.173675537
0.997240305 0.004406166 0.074110635 1.511848450 -0.003971286 0.999974012 -0.006014327 -4.470148087 -0.074135214 0.005703413 0.997231960 268.011688232
0.997101068 0.000850550 0.076084390 1.578868866 -0.000468872 0.999987125 -0.005034231 -4.494503975 -0.076087713 0.004983962 0.997088671 268.892303467
0.997038007 0.000355186 0.076910272 1.645832062 0.000048586 0.999986172 -0.005247985 -4.510677338 -0.076911084 0.005236177 0.997024298 269.741058350
0.997006476 -0.000225805 0.077318504 1.706148148 0.000618489 0.999986947 -0.005054884 -4.532191277 -0.077316366 0.005087572 0.996993661 270.585418701
0.996972442 -0.000788119 0.077750273 1.777498245 0.001168024 0.999987602 -0.004840870 -4.552760601 -0.077745467 0.004917028 0.996961236 271.476318359
0.996993423 -0.000581490 0.077482253 1.839666367 0.000903379 0.999991119 -0.004119384 -4.571268559 -0.077479161 0.004176995 0.996985197 272.336730957
0.997017980 -0.000131461 0.077168621 1.898349762 0.000444948 0.999991775 -0.004045181 -4.584883690 -0.077167436 0.004067454 0.997009933 273.189147949
0.997118115 -0.000295895 0.075864926 1.969020844 0.000656458 0.999988556 -0.004727807 -4.607876778 -0.075862661 0.004763983 0.997106910 274.068420410
0.997228563 -0.000267466 0.074399427 2.027681351 0.000686313 0.999984145 -0.005604213 -4.626803875 -0.074396744 0.005639742 0.997212827 274.920837402
0.997351766 0.000446662 0.072727509 2.092821121 0.000014879 0.999979794 -0.006345509 -4.645904064 -0.072728880 0.006329786 0.997331679 275.806030273
0.997482061 0.001378173 0.070905887 2.151376724 -0.000901765 0.999976814 -0.006750450 -4.664077759 -0.070913553 0.006669512 0.997460186 276.655029297
0.997592747 0.002968644 0.069281496 2.204586029 -0.002498182 0.999973238 -0.006876259 -4.687166214 -0.069300056 0.006686628 0.997573435 277.518798828
0.997759640 0.003368976 0.066815555 2.260126114 -0.002953866 0.999975741 -0.006310593 -4.706242085 -0.066835195 0.006099091 0.997745395 278.361450195
0.997919440 0.003749082 0.064364001 2.305904388 -0.003431133 0.999981344 -0.005049681 -4.722850800 -0.064381741 0.004818334 0.997913718 279.232666016
0.998187721 0.002256110 0.060134191 2.353475571 -0.002106923 0.999994516 -0.002544196 -4.742827892 -0.060139619 0.002412887 0.998187065 280.075805664
0.998486102 0.000605156 0.055000585 2.399048805 -0.000571535 0.999999642 -0.000627003 -4.765532494 -0.055000950 0.000594620 0.998486102 280.920501709
0.998718202 0.000186175 0.050614826 2.437069893 -0.000221250 0.999999702 0.000687363 -4.780693054 -0.050614685 -0.000697680 0.998718023 281.766326904
0.998950958 0.000362510 0.045788854 2.468420982 -0.000407630 0.999999464 0.000976058 -4.789908886 -0.045788471 -0.000993699 0.998950660 282.586242676
0.999154687 -0.000592547 0.041103810 2.504407883 0.000515781 0.999998093 0.001878195 -4.809103966 -0.041104838 -0.001855406 0.999153256 283.412078857
0.999326110 -0.001291524 0.036682926 2.524588108 0.001226212 0.999997556 0.001802882 -4.821232796 -0.036685172 -0.001756686 0.999325275 284.210723877
0.999468625 -0.001685342 0.032549579 2.548544884 0.001627702 0.999997079 0.001797233 -4.839161873 -0.032552503 -0.001743297 0.999468625 284.999694824
0.999592841 -0.001335983 0.028498825 2.568625450 0.001289735 0.999997735 0.001641164 -4.854375839 -0.028500954 -0.001603740 0.999592483 285.772796631
0.999692202 -0.000829651 0.024792213 2.579664230 0.000793718 0.999998629 0.001459141 -4.867397785 -0.024793388 -0.001439014 0.999691606 286.517761230
