1.000000000 -0.000000000 -0.000000000 0.000000000 -0.000000000 1.000000000 0.000000000 -0.000000000 -0.000000000 0.000000000 1.000000000 0.000000000
0.999978840 0.000382378 -0.006491196 -0.007964237 -0.000379762 0.999999821 0.000404246 -0.002211136 0.006491349 -0.000401773 0.999978840 0.092102773
0.999906480 0.000880895 -0.013645472 -0.016231619 -0.000876729 0.999999583 0.000311281 -0.003187646 0.013645740 -0.000299289 0.999906838 0.188275471
0.999772608 0.001397118 -0.021278486 -0.026430521 -0.001408805 0.999998868 -0.000534291 -0.002264985 0.021277715 0.000564147 0.999773443 0.285220921
0.999540150 0.001685292 -0.030277165 -0.042447485 -0.001745797 0.999996543 -0.001972035 -0.002090818 0.030273736 0.002023985 0.999539614 0.389135689
0.999121130 0.001854328 -0.041875597 -0.057411656 -0.002000164 0.999992073 -0.003440964 -0.004072719 0.041868884 0.003521697 0.999116898 0.500796318
0.998473406 0.001596576 -0.055211261 -0.083118916 -0.001821411 0.999990225 -0.004022195 -0.008147597 0.055204302 0.004116617 0.998466611 0.625746191
0.997424483 0.001880452 -0.071699716 -0.107970074 -0.002201174 0.999987900 -0.004394388 -0.003980945 0.071690589 0.004540894 0.997416556 0.761444926
0.995903730 0.000223963 -0.090419821 -0.134375900 -0.000603389 0.999991119 -0.004168962 -0.008951988 0.090418085 0.004206443 0.995895028 0.915205538
0.993904769 -0.000771742 -0.110239275 -0.174248666 0.000294654 0.999990523 -0.004343977 -0.011894226 0.110241577 0.004285017 0.993895590 1.073893547
0.991217494 -0.001076304 -0.132237300 -0.220913291 0.000470745 0.999989271 -0.004610516 -0.015731938 0.132240847 0.004507774 0.991207361 1.231960058
0.987709165 0.002716876 -0.156279340 -0.273777515 -0.003699366 0.999975204 -0.005996245 -0.019929919 0.156259164 0.006500680 0.987694740 1.393781185
0.983352661 0.006999626 -0.181572318 -0.341533780 -0.008488817 0.999936342 -0.007425798 -0.025409205 0.181508839 0.008843513 0.983349562 1.568379521
0.977972209 0.010012570 -0.208494946 -0.414999217 -0.012022422 0.999892652 -0.008374786 -0.030123664 0.208388746 0.010696922 0.977987587 1.748225927
0.971286118 0.010512071 -0.237682000 -0.494877398 -0.012985111 0.999876618 -0.008841577 -0.029134706 0.237559766 0.011674027 0.971302748 1.934612989
0.963226318 0.012682403 -0.268391907 -0.582657576 -0.015442515 0.999847293 -0.008175240 -0.034182087 0.268247277 0.012019251 0.963275135 2.126956224
0.953741789 0.014360056 -0.300283641 -0.681180060 -0.017311402 0.999824405 -0.007170132 -0.037491918 0.300127983 0.012036785 0.953823030 2.319707155
0.942473173 0.016450901 -0.333876759 -0.769829035 -0.019551093 0.999791324 -0.005927089 -0.041896902 0.333709508 0.012113775 0.942598104 2.491520643
0.929968238 0.018717669 -0.367163420 -0.882259488 -0.022199694 0.999739766 -0.005262542 -0.045907125 0.366969287 0.013044911 0.930141568 2.679774284
0.916080952 0.021260103 -0.400429517 -0.998897254 -0.025324710 0.999667466 -0.004860905 -0.043734416 0.400192976 0.014593741 0.916314721 2.857402325
0.900058925 0.022248134 -0.435199916 -1.103035212 -0.026585124 0.999639034 -0.003878857 -0.048881531 0.434956431 0.015061043 0.900325537 3.014298916
0.881487727 0.017569274 -0.471880138 -1.233970642 -0.022369217 0.999739349 -0.004563657 -0.046839036 0.471676916 0.014578396 0.881650925 3.206902981
0.860245407 0.012695981 -0.509722233 -1.363624096 -0.017711174 0.999830723 -0.004987278 -0.051811349 0.509572625 0.013318060 0.860324621 3.375012159
0.835481524 0.014389916 -0.549330115 -1.526465178 -0.018320311 0.999830723 -0.001672589 -0.056344554 0.549213052 0.011461317 0.835603774 3.552173853
0.806387484 0.019964350 -0.591050386 -1.707151175 -0.023009516 0.999732494 0.002376140 -0.062127467 0.590939641 0.011683694 0.806631207 3.718819618
0.773821473 0.023000749 -0.632986069 -1.905955195 -0.026380470 0.999643624 0.004073997 -0.063754983 0.632854223 0.013545921 0.774152458 3.891058445
0.737566590 0.022139288 -0.674911320 -2.110404253 -0.025386324 0.999664962 0.005049210 -0.067892656 0.674797058 0.013409391 0.737881541 4.056160450
0.698215544 0.018162247 -0.715657175 -2.335178137 -0.019801874 0.999785662 0.006053702 -0.064932697 0.715613663 0.009944564 0.698425472 4.221760273
0.655218840 0.014325455 -0.755303383 -2.572477818 -0.014310778 0.999876142 0.006549673 -0.062034443 0.755303562 0.006517511 0.655342638 4.386002541
0.610652149 0.013797363 -0.791778743 -2.840998411 -0.011613973 0.999896705 0.008466809 -0.061331656 0.791813731 0.004025422 0.610749245 4.540117741
0.562624037 0.014325941 -0.826588690 -3.122805834 -0.009446099 0.999895930 0.010900039 -0.055948373 0.826658845 0.001675415 0.562700868 4.684305668
0.511332989 0.015009252 -0.859251499 -3.418407440 -0.007946653 0.999887347 0.012736867 -0.051115543 0.859345853 0.000315394 0.511394620 4.813390255
0.458995670 0.016394902 -0.888287187 -3.737725735 -0.007208759 0.999865532 0.014729368 -0.045793302 0.888409257 -0.000357267 0.459052026 4.918578148
0.404202491 0.018275121 -0.914486945 -4.049501896 -0.006050806 0.999831915 0.017306207 -0.039828688 0.914649546 -0.001461828 0.404245108 5.010365486
0.348909825 0.020262567 -0.936937213 -4.401978493 -0.005924216 0.999793947 0.019415786 -0.034245297 0.937137544 -0.001223740 0.348957956 5.090297699
0.293665856 0.023432858 -0.955620885 -4.779946804 -0.003523830 0.999719381 0.023431309 -0.031655774 0.955901682 -0.003513529 0.293665946 5.163115978
0.239243716 0.025027514 -0.970636964 -5.162266731 0.002144331 0.999651670 0.026304189 -0.035199285 0.970957160 -0.008374478 0.239106700 5.240916252
0.188576043 0.025280066 -0.981733203 -5.546067715 0.004132353 0.999639332 0.026534922 -0.026792675 0.982049942 -0.009060720 0.188403577 5.269961834
0.141022265 0.026436107 -0.989653409 -5.973728180 0.001595630 0.999636054 0.026930142 -0.019082725 0.990005195 -0.005376872 0.140928790 5.291436195
0.098496884 0.026667500 -0.994780004 -6.404021740 0.000318283 0.999639928 0.026829302 -0.010949656 0.995137334 -0.002959225 0.098452926 5.298573494
0.060667831 0.025238737 -0.997838855 -6.850335121 -0.001180031 0.999681413 0.025213597 -0.000934169 0.998157322 -0.000352174 0.060678288 5.290827751
0.026372910 0.022453651 -0.999399960 -7.314942360 -0.000899906 0.999747753 0.022437721 0.009754911 0.999651730 0.000307618 0.026386470 5.271940708
-0.004810385 0.019774260 -0.999792874 -7.795815468 -0.000415831 0.999804318 0.019776490 0.013452977 0.999988377 0.000510878 -0.004801221 5.245321751
-0.031986769 0.017871020 -0.999328554 -8.269189835 0.000402475 0.999840260 0.017867293 0.018871263 0.999488235 0.000169312 -0.031988844 5.218426704
-0.052446969 0.015337814 -0.998505831 -8.783222198 -0.000488291 0.999881446 0.015384594 0.029882744 0.998623610 0.001294437 -0.052433267 5.167247295
-0.068986714 0.014542731 -0.997511625 -9.285522461 0.000298788 0.999894023 0.014556799 0.037450492 0.997617602 0.000706182 -0.068983734 5.124319553
-0.082133323 0.015024571 -0.996508002 -9.836374283 0.001148778 0.999887109 0.014980832 0.046940200 0.996620655 0.000085659 -0.082141303 5.068942070
-0.091715530 0.016298052 -0.995651841 -10.383342743 -0.000014344 0.999865949 0.016368357 0.046479516 0.995785177 0.001515514 -0.091703013 5.011245728
-0.098552436 0.017713031 -0.994974136 -10.962763786 -0.001643804 0.999837339 0.017962424 0.048671216 0.995130539 0.003405783 -0.098507293 4.940787315
-0.102855541 0.018630570 -0.994521797 -11.551913261 -0.001484012 0.999820650 0.018883310 0.054046214 0.994695127 0.003418136 -0.102809444 4.871261120
-0.104041897 0.019144211 -0.994388700 -12.157288551 0.000484161 0.999815643 0.019198038 0.065379560 0.994572759 0.001515956 -0.104031987 4.803381443
-0.103178203 0.021398809 -0.994432747 -12.773670197 0.002404158 0.999771059 0.021264240 0.071990222 0.994660020 -0.000196767 -0.103206016 4.741894245
-0.101680525 0.023854010 -0.994531095 -13.399453163 0.001855924 0.999715328 0.023788607 0.078078136 0.994815409 0.000573064 -0.101695843 4.680512428
-0.099901900 0.023906060 -0.994710088 -14.062952042 -0.000019463 0.999711275 0.024028208 0.082992822 0.994997323 0.002419824 -0.099872589 4.603859901
-0.098402336 0.021542283 -0.994913578 -14.728647232 -0.001672422 0.999760628 0.021812644 0.090974391 0.995145321 0.003810331 -0.098342746 4.536773205
-0.096865945 0.021374229 -0.995068014 -15.411180496 -0.002773121 0.999759674 0.021744965 0.097975999 0.995293617 0.004865789 -0.096783400 4.461979866
-0.095035568 0.023996146 -0.995184600 -16.111843109 -0.002592498 0.999699950 0.024352599 0.113651425 0.995470524 0.004894377 -0.094944865 4.389050961
-0.093444675 0.027502066 -0.995244563 -16.822095871 -0.003133235 0.999605298 0.027916750 0.123954743 0.995619535 0.005727008 -0.093321621 4.330302715
-0.091697104 0.029475639 -0.995350540 -17.547903061 -0.003340965 0.999547064 0.029907696 0.135050774 0.995781302 0.006067881 -0.091557086 4.262375832
-0.090013839 0.028920207 -0.995520592 -18.292373657 -0.005445016 0.999549091 0.029529572 0.146594018 0.995925665 0.008078694 -0.089815781 4.186701298
-0.088074312 0.025291625 -0.995792747 -19.040681839 -0.007739523 0.999630094 0.026073618 0.168713838 0.996083796 0.010003379 -0.087845981 4.109872341
-0.086664043 0.025108341 -0.995921135 -19.814947128 -0.008848540 0.999623477 0.025971673 0.175876081 0.996198297 0.011063257 -0.086409241 4.042937279
-0.085131638 0.027268806 -0.995996535 -20.597164154 -0.006222608 0.999591351 0.027899100 0.192411125 0.996350288 0.008572790 -0.084927179 3.974118710
-0.084124275 0.029711645 -0.996012270 -21.385211945 -0.003809643 0.999538541 0.030138601 0.200796813 0.996447921 0.006329840 -0.083972260 3.908842564
-0.082738549 0.031418629 -0.996075988 -22.190546036 -0.003189703 0.999489427 0.031791251 0.213232249 0.996566236 0.005807548 -0.082596101 3.838255405
-0.082088299 0.026782712 -0.996265113 -22.973966599 -0.002954857 0.999627948 0.027116584 0.223640561 0.996620595 0.005169775 -0.081978604 3.769073963
-0.081748143 0.019822951 -0.996455848 -23.781425476 -0.001561280 0.999798357 0.020017534 0.233105600 0.996651828 0.003192143 -0.081700705 3.701326847
-0.082022212 0.015084775 -0.996516347 -24.604038239 0.001495135 0.999886334 0.015012724 0.245732933 0.996629357 -0.000258549 -0.082035430 3.636620522
-0.082671843 0.015648203 -0.996453941 -25.431592941 0.002386199 0.999877036 0.015503981 0.255685419 0.996573985 -0.001095994 -0.082699008 3.565879345
-0.082368389 0.023551531 -0.996323526 -26.273881912 0.002095220 0.999722600 0.023458662 0.255290091 0.996599674 -0.000155265 -0.082394898 3.484913111
-0.083017282 0.030719010 -0.996074438 -27.118730545 0.001050586 0.999526918 0.030737918 0.267261088 0.996547461 0.001505316 -0.083010279 3.415518761
-0.083040982 0.036004346 -0.995895505 -27.962146759 -0.001321707 0.999342263 0.036239170 0.275819182 0.996545196 0.004325618 -0.082938783 3.330739260
-0.083473384 0.036292527 -0.995848835 -28.798316956 -0.002391925 0.999326348 0.036619756 0.289270282 0.996507168 0.005438770 -0.083330348 3.261200666
-0.083938919 0.032916635 -0.995927036 -29.619005203 -0.002483935 0.999444306 0.033242237 0.302191019 0.996467829 0.005264136 -0.083810508 3.184734344
-0.084316872 0.030163513 -0.995982289 -30.453941345 -0.002337999 0.999532938 0.030468972 0.321697950 0.996436298 0.004897655 -0.084206983 3.111010551
-0.084289782 0.031166892 -0.995953798 -31.297004700 -0.003466542 0.999495447 0.031571109 0.339814663 0.996435344 0.006113638 -0.084139228 3.028943777
-0.084119186 0.033725515 -0.995884776 -32.131076813 -0.005399111 0.999396920 0.034300502 0.338557482 0.996441066 0.008262223 -0.083886378 2.951576471
-0.084297232 0.032026988 -0.995925725 -32.962154388 -0.005829363 0.999450386 0.032633733 0.352651775 0.996423602 0.008556547 -0.084064208 2.882530451
-0.083920628 0.026879124 -0.996109843 -33.795940399 -0.006785427 0.999597490 0.027544899 0.361379027 0.996449292 0.009070614 -0.083704457 2.804759026
-0.083386868 0.023017611 -0.996251345 -34.622394562 -0.008191364 0.999683559 0.023782529 0.363666624 0.996483564 0.010143808 -0.083171949 2.720176697
-0.082921170 0.023687489 -0.996274590 -35.457603455 -0.008177115 0.999667704 0.024448756 0.372349888 0.996522546 0.010173969 -0.082699910 2.650448799
-0.082255974 0.026320565 -0.996263683 -36.292991638 -0.006450764 0.999616206 0.026941741 0.377404511 0.996590376 0.008642780 -0.082054600 2.575669050
-0.081598185 0.031277619 -0.996174455 -37.135356903 -0.007096717 0.999463916 0.031962208 0.385694325 0.996640086 0.009677625 -0.081332460 2.492615461
-0.081063226 0.036882732 -0.996026337 -37.959625244 -0.005959705 0.999279320 0.037488237 0.397329807 0.996691167 0.008974940 -0.080785006 2.430558205
-0.081356853 0.040066820 -0.995879352 -38.803768158 -0.006115587 0.999152780 0.040698111 0.414017677 0.996666312 0.009401457 -0.081042901 2.356099367
-0.080818042 0.039792679 -0.995934248 -39.629280090 -0.005084642 0.999173343 0.040334702 0.435810924 0.996715903 0.008323740 -0.080548905 2.284042358
-0.080819272 0.035643481 -0.996091306 -40.445381165 -0.006033699 0.999324501 0.036248729 0.443383932 0.996710479 0.008939709 -0.080549620 2.220063210
-0.080761947 0.031320982 -0.996241271 -41.270133972 -0.007298621 0.999460757 0.032013882 0.458681047 0.996706665 0.009856690 -0.080489792 2.156585217
-0.080213346 0.028727949 -0.996363640 -42.103019714 -0.010597889 0.999503493 0.029671671 0.468210578 0.996721327 0.012939418 -0.079869069 2.060239553
-0.080657974 0.026915129 -0.996378362 -42.938167572 -0.013706516 0.999510884 0.028109301 0.483723640 0.996647477 0.015924118 -0.080249600 1.979612350
-0.081317224 0.024630224 -0.996383965 -43.753055573 -0.011357905 0.999606848 0.025636837 0.495650709 0.996623456 0.013401551 -0.081005514 1.912656069
-0.082357392 0.020948181 -0.996382654 -44.578033447 -0.007893411 0.999733925 0.021671079 0.502838314 0.996571541 0.009649631 -0.082170144 1.839867592
-0.083236575 0.019787747 -0.996333361 -45.406127930 -0.003924944 0.999788582 0.020184269 0.507155299 0.996522009 0.005590622 -0.083141319 1.772990465
-0.085041471 0.023386637 -0.996102870 -46.202079773 -0.003644146 0.999710500 0.023782451 0.509219766 0.996370673 0.005652438 -0.084931642 1.700612545
-0.086848624 0.029772062 -0.995776534 -47.028503418 -0.001063102 0.999549985 0.029977599 0.513418972 0.996220946 0.003662126 -0.086777903 1.629665852
-0.088521145 0.033619136 -0.995506763 -47.843196869 0.000668342 0.999431908 0.033692263 0.522892475 0.996074021 0.002317139 -0.088493347 1.554821968
-0.090152383 0.032741487 -0.995389640 -48.647251129 0.000800617 0.999461412 0.032802910 0.530318141 0.995927691 0.002160335 -0.090130061 1.481778145
-0.091361336 0.028807960 -0.995400906 -49.445373535 -0.002231560 0.999572992 0.029133521 0.539644063 0.995815277 0.004882975 -0.091258049 1.400616169
-0.092052124 0.025066677 -0.995438576 -50.213401794 -0.007366013 0.999638617 0.025853600 0.549017906 0.995726943 0.009712292 -0.091834210 1.303301334
-0.093592748 0.023603860 -0.995330751 -51.009353638 -0.011580830 0.999625564 0.024794675 0.558314919 0.995543182 0.013847356 -0.093284339 1.218209743
-0.094339132 0.024708733 -0.995233476 -51.801742554 -0.012933602 0.999577165 0.026042562 0.563465536 0.995456100 0.015328787 -0.093979657 1.128652096
-0.095336407 0.026339348 -0.995096505 -52.587215424 -0.013042385 0.999530971 0.027706265 0.569942951 0.995359659 0.015619847 -0.094948180 1.050090790
-0.096246317 0.025754264 -0.995024204 -53.371429443 -0.014866848 0.999516487 0.027308566 0.578068495 0.995246410 0.017421223 -0.095816888 0.964896679
-0.096746691 0.025645182 -0.994978607 -54.158081055 -0.015670812 0.999504864 0.027285594 0.583442271 0.995185614 0.018231915 -0.096296906 0.879590511
-0.097324714 0.027417885 -0.994874895 -54.933837891 -0.013656766 0.999489665 0.028881045 0.594028294 0.995158851 0.016397618 -0.096900597 0.799748421
-0.097546384 0.030355146 -0.994767964 -55.709228516 -0.013169211 0.999407828 0.031788096 0.599546552 0.995143890 0.016201120 -0.097088866 0.722349644
-0.097879954 0.034655277 -0.994594693 -56.472766876 -0.013091930 0.999262154 0.036106311 0.612052441 0.995112181 0.016555248 -0.097354025 0.647902012
-0.098422341 0.036946412 -0.994458556 -57.241607666 -0.013476334 0.999169469 0.038455188 0.616323590 0.995053470 0.017186504 -0.097842701 0.566390514
-0.099068128 0.036714986 -0.994403064 -57.987426758 -0.013269151 0.999181509 0.038213369 0.632364988 0.994992197 0.016980607 -0.098499872 0.490906239
-0.099669553 0.034632217 -0.994417667 -58.735023499 -0.012205187 0.999276400 0.036024742 0.647223115 0.994945645 0.015727622 -0.099174745 0.419341564
-0.099451758 0.031113436 -0.994556010 -59.473312378 -0.011838009 0.999403358 0.032448843 0.657327414 0.994972050 0.015000652 -0.099024095 0.327611923
-0.099083304 0.028432043 -0.994672894 -60.192043304 -0.012374609 0.999479294 0.029802119 0.663456917 0.995002210 0.015261578 -0.098679848 0.252422333
-0.097717129 0.026045926 -0.994873345 -60.901866913 -0.013206161 0.999535620 0.027465107 0.670536041 0.995126545 0.015822269 -0.097327769 0.174281597
-0.095485285 0.025632478 -0.995100737 -61.596534729 -0.015635390 0.999506593 0.027246265 0.671266437 0.995307982 0.018160407 -0.095037386 0.104596615
-0.091344133 0.026489936 -0.995467007 -62.270904541 -0.015653078 0.999484479 0.028033169 0.674751878 0.995696247 0.018142788 -0.090882391 0.035297394
-0.085649863 0.027731206 -0.995939314 -62.936408997 -0.015038184 0.999462724 0.029122580 0.686306238 0.996211708 0.017471459 -0.085186809 -0.019821644
-0.078463055 0.029388139 -0.996483803 -63.582885742 -0.014334236 0.999428809 0.030603666 0.689158678 0.996813893 0.016685087 -0.077996954 -0.066959858
-0.069615759 0.030827750 -0.997097552 -64.225753784 -0.015473954 0.999368787 0.031978343 0.688148737 0.997453749 0.017655235 -0.069094785 -0.113397598
-0.057962637 0.032412238 -0.997792363 -64.828651428 -0.017396538 0.999288201 0.033471409 0.699789524 0.998167157 0.019298222 -0.057357520 -0.144979954
-0.043313209 0.033743165 -0.998491526 -65.435394287 -0.020478800 0.999189556 0.034655094 0.709302902 0.998851657 0.021948926 -0.042587087 -0.167200089
-0.024627894 0.035054930 -0.999081850 -66.026535034 -0.022053979 0.999122858 0.035600003 0.716746092 0.999453366 0.022910479 -0.023833189 -0.182552338
-0.002508584 0.036131185 -0.999343932 -66.598144531 -0.023083525 0.999078691 0.036179550 0.720851898 0.999730408 0.023159135 -0.001672249 -0.171615019
0.022764683 0.036300212 -0.999081552 -67.132575989 -0.022207327 0.999112487 0.035795324 0.732570171 0.999494255 0.021372059 0.023550615 -0.141503453
0.052568454 0.035656352 -0.997980595 -67.647178650 -0.020990139 0.999181092 0.034593601 0.738829613 0.998396754 0.019129215 0.053273838 -0.101424694
0.086792879 0.036066294 -0.995573282 -68.097877502 -0.019997267 0.999206305 0.034454565 0.736473680 0.996025681 0.016918339 0.087445192 -0.049478531
0.124670461 0.036180142 -0.991538346 -68.575851440 -0.019312939 0.999234080 0.034032643 0.744368792 0.992010236 0.014906658 0.125273734 0.032319069
0.165493488 0.036351666 -0.985540688 -69.039024353 -0.019183798 0.999250114 0.033635959 0.744488239 0.986024380 0.013339886 0.166066766 0.135195732
0.210624188 0.037039470 -0.976865113 -69.474281311 -0.018066108 0.999258757 0.033993278 0.752059460 0.977400184 0.010488348 0.211137205 0.254076958
0.258732259 0.035748877 -0.965287328 -69.887985229 -0.015339662 0.999341011 0.032898445 0.753561258 0.965827346 0.006295296 0.259110093 0.399042130
0.308624268 0.031652685 -0.950657189 -70.269165039 -0.007671295 0.999496460 0.030788381 0.739742279 0.951153159 -0.002209268 0.308711737 0.565668106
0.360167980 0.026268570 -0.932517529 -70.663452148 -0.002528326 0.999627352 0.027182501 0.742783546 0.932884157 -0.007432556 0.360100120 0.757373810
0.412877262 0.021093026 -0.910542309 -71.035469055 0.002493294 0.999701858 0.024288995 0.753893018 0.910783291 -0.012298625 0.412701577 0.961658478
0.464043677 0.020932421 -0.885564864 -71.406494141 0.002006660 0.999693334 0.024681618 0.759277880 0.885810137 -0.013230379 0.463859379 1.193262100
0.512960374 0.019477641 -0.858191311 -71.786376953 0.003174387 0.999692619 0.024586579 0.768866718 0.858406484 -0.015336172 0.512740970 1.446258545
0.557538390 0.014242936 -0.830029011 -72.127059937 0.011568611 0.999622285 0.024923829 0.783185244 0.830070615 -0.023498274 0.557163179 1.735877991
0.601703584 0.008215182 -0.798677146 -72.463104248 0.021556709 0.999415874 0.026520262 0.781365752 0.798428595 -0.033174191 0.601175070 2.041107178
0.644153476 0.003283164 -0.764889061 -72.787368774 0.023014655 0.999454796 0.023671849 0.781245530 0.764549911 -0.032851968 0.643726826 2.359867096
0.686422527 -0.000061623 -0.727202892 -73.055107117 0.018901195 0.999663711 0.017756540 0.773775578 0.726957083 -0.025933491 0.686192930 2.630825043
0.726980984 -0.007097805 -0.686620891 -73.338714600 0.015778430 0.999855220 0.006370095 0.779407918 0.686476231 -0.015464744 0.726987720 2.973884583
0.766225398 -0.009459719 -0.642502308 -73.612220764 0.010757762 0.999940336 -0.001893044 0.784060359 0.642481863 -0.005461392 0.766281426 3.340614319
0.802868843 -0.010088893 -0.596070290 -73.853973389 0.008879239 0.999948263 -0.004965030 0.783406734 0.596089482 -0.001306385 0.802916884 3.733943939
0.836242974 -0.011377795 -0.548241198 -74.080497742 0.009626366 0.999935329 -0.006068641 0.773247540 0.548274577 -0.000202714 0.836298347 4.155834198
0.867485523 -0.009523132 -0.497371107 -74.338462830 0.005948682 0.999943852 -0.008770514 0.773021221 0.497426718 0.004649594 0.867493451 4.597524643
0.893144429 -0.008231555 -0.449694455 -74.540672302 0.005464550 0.999957263 -0.007450771 0.763591290 0.449736506 0.004197240 0.893151402 5.076768875
0.914088607 -0.002165167 -0.405508518 -74.734054565 -0.000490566 0.999979138 -0.006445097 0.752093673 0.405514002 0.006090322 0.914068460 5.575632095
0.931468964 0.002206334 -0.363813758 -74.924987793 -0.005478903 0.999953270 -0.007963408 0.747153997 0.363779187 0.009410970 0.931437612 6.100444794
0.945091665 0.007747124 -0.326713443 -75.114852905 -0.010458333 0.999923885 -0.006542582 0.736383200 0.326637864 0.009600218 0.945100784 6.632308960
0.954942286 0.008328907 -0.296674818 -75.270736694 -0.010094450 0.999939203 -0.004419704 0.724536121 0.296619952 0.007215331 0.954968274 7.197837830
0.962188959 0.007410949 -0.272282243 -75.420448303 -0.008612133 0.999957740 -0.003216743 0.719004631 0.272246867 0.005440045 0.962212026 7.782043457
0.967969894 0.007409203 -0.250957012 -75.570373535 -0.007980417 0.999967337 -0.001258552 0.711247146 0.250939429 0.003220981 0.967997372 8.390874863
0.972475171 0.010065694 -0.232788891 -75.717475891 -0.010063800 0.999948621 0.001195851 0.707769752 0.232788980 0.001179805 0.972526670 9.012788773
0.975963414 0.014857954 -0.217427120 -75.860527039 -0.014622875 0.999889433 0.002690193 0.704679966 0.217443049 0.000553879 0.976072907 9.648760796
0.978753686 0.018543713 -0.204199255 -75.995513916 -0.018061072 0.999827981 0.004227147 0.696690559 0.204242527 -0.000449279 0.978920162 10.296956062
0.981376350 0.017316880 -0.191312462 -76.115135193 -0.016894491 0.999849975 0.003838873 0.690440178 0.191350222 -0.000535252 0.981521726 10.958782196
0.983961523 0.017533567 -0.177517205 -76.229751587 -0.017173598 0.999846160 0.003564231 0.683282733 0.177552417 -0.000458457 0.984111190 11.634053230
0.986509800 0.018117102 -0.162696794 -76.362701416 -0.017731922 0.999835432 0.003819431 0.685197830 0.162739217 -0.000882979 0.986668646 12.359237671
0.988703310 0.019417144 -0.148622960 -76.466842651 -0.019015389 0.999810636 0.004123810 0.684886575 0.148674920 -0.001251101 0.988885343 13.070075035
0.990555286 0.019999402 -0.135647207 -76.568298340 -0.019961793 0.999799371 0.001637576 0.670295119 0.135652736 0.001085652 0.990755856 13.788357735
0.991954386 0.019508503 -0.125083521 -76.657173157 -0.020138294 0.999790132 -0.003772372 0.664961994 0.124983653 0.006260990 0.992139041 14.529398918
0.993164420 0.019706864 -0.115047961 -76.746162415 -0.021009378 0.999728084 -0.010119805 0.647432685 0.114817254 0.012467716 0.993308485 15.261206627
0.994080067 0.018508600 -0.107063077 -76.845787048 -0.019704571 0.999754608 -0.010123570 0.636800647 0.106849432 0.012173270 0.994200647 16.052959442
0.994800091 0.020275831 -0.099809013 -76.936973572 -0.020770226 0.999776661 -0.003916671 0.624979794 0.099707320 0.005969362 0.994998813 16.825658798
0.995191634 0.025042936 -0.094691567 -77.016387939 -0.024738288 0.999684393 0.004389985 0.607920468 0.094771624 -0.002026366 0.995496929 17.590118408
0.995562792 0.025827887 -0.090486199 -77.091575623 -0.025202945 0.999650002 0.008042481 0.596355677 0.090662271 -0.005726273 0.995865226 18.359859467
0.995886922 0.024951067 -0.087101489 -77.158195496 -0.024393728 0.999674678 0.007457438 0.580624640 0.087259233 -0.005302030 0.996171534 19.116811752
0.996140003 0.024548555 -0.084276117 -77.217704773 -0.024136981 0.999691248 0.005899211 0.576925993 0.084394917 -0.003842267 0.996424913 19.877170563
0.996426105 0.023859307 -0.081029087 -77.298774719 -0.023256918 0.999694407 0.008370065 0.569149733 0.081204042 -0.006455665 0.996676564 20.676574707
0.996671438 0.021677386 -0.078589104 -77.355499268 -0.020882040 0.999722183 0.010928158 0.561844051 0.078804180 -0.009250681 0.996847153 21.448547363
0.996962130 0.019637551 -0.075371593 -77.415542603 -0.018731197 0.999743700 0.012713328 0.552032948 0.075601928 -0.011262907 0.997074425 22.213144302
0.997151792 0.018908782 -0.073011443 -77.464790344 -0.018309858 0.999793053 0.008863805 0.548260391 0.073163949 -0.007501730 0.997291684 22.973339081
0.997221768 0.021286871 -0.071383037 -77.530174255 -0.021207273 0.999773324 0.001872857 0.539789200 0.071406730 -0.000353815 0.997447193 23.727754593
0.997292578 0.022462901 -0.070020288 -77.577156067 -0.022935040 0.999719262 -0.005946190 0.534876823 0.069867052 0.007536010 0.997527838 24.470443726
0.997352719 0.023249865 -0.068899214 -77.632675171 -0.024005121 0.999660194 -0.010154035 0.522553802 0.068639725 0.011781088 0.997571945 25.231376648
0.997485340 0.024743484 -0.066413336 -77.693496704 -0.025355177 0.999643326 -0.008383227 0.504333436 0.066182211 0.010046069 0.997756958 25.993568420
0.997548640 0.028585777 -0.063872062 -77.752662659 -0.028926728 0.999571741 -0.004419527 0.487662315 0.063718379 0.006256303 0.997948229 26.745416641
0.997586906 0.031901084 -0.061666578 -77.808815002 -0.031917010 0.999490380 0.000727029 0.472696424 0.061658338 0.001242939 0.998096526 27.507263184
0.997840822 0.029881189 -0.058488458 -77.864646912 -0.029792724 0.999553263 0.002384144 0.459185541 0.058533564 -0.000636465 0.998285234 28.260234833
0.997965515 0.027262701 -0.057632897 -77.903854370 -0.027173432 0.999628007 0.002332112 0.449274778 0.057675041 -0.000761283 0.998335063 29.006181717
0.998073220 0.025482150 -0.056572538 -77.945121765 -0.025395857 0.999674916 0.002243843 0.438334078 0.056611318 -0.000802812 0.998395920 29.759613037
0.998134434 0.024952751 -0.055723269 -77.991035461 -0.024974480 0.999688029 0.000306465 0.427227795 0.055713534 0.001085767 0.998446167 30.512327194
0.998242676 0.023522390 -0.054389939 -78.038291931 -0.023599749 0.999721169 -0.000780469 0.414457589 0.054356415 0.002062687 0.998519480 31.249011993
0.998294950 0.022912007 -0.053687174 -78.083854675 -0.022993371 0.999735236 -0.000898245 0.406926125 0.053652380 0.002131162 0.998557508 32.010284424
0.998292923 0.025220137 -0.052680448 -78.136901855 -0.025227519 0.999681652 0.000524939 0.388853699 0.052676916 0.000804954 0.998611331 32.777217865
0.998270631 0.025405830 -0.053012919 -78.175407410 -0.025480259 0.999674976 -0.000728479 0.384414762 0.052977178 0.002078002 0.998593569 33.551177979
0.998196065 0.024954736 -0.054608397 -78.222099304 -0.025047906 0.999685764 -0.001022255 0.375790805 0.054565728 0.002388237 0.998507321 34.318565369
0.998139739 0.022780240 -0.056551591 -78.265670776 -0.022836143 0.999739110 -0.000342457 0.360805273 0.056529041 0.001633240 0.998399675 35.111877441
0.997922838 0.024456596 -0.059597120 -78.323593140 -0.024532950 0.999698877 -0.000549621 0.351839036 0.059565715 0.002010572 0.998222351 35.901336670
0.997650325 0.028183164 -0.062445369 -78.383049011 -0.028271310 0.999600112 -0.000528236 0.337127239 0.062405523 0.002292408 0.998048246 36.692771912
0.997497678 0.028249385 -0.064808629 -78.451866150 -0.028656941 0.999574900 -0.005367442 0.322812140 0.064629465 0.007211228 0.997883320 37.475139618
0.997306466 0.029780863 -0.067028604 -78.518577576 -0.030445581 0.999496698 -0.008917164 0.308810949 0.066729307 0.010933871 0.997711182 38.273365021
0.997189283 0.028384026 -0.069338806 -78.579429626 -0.029180828 0.999518991 -0.010505456 0.294212013 0.069007255 0.012499290 0.997537971 39.109741211
0.997047067 0.028978340 -0.071115993 -78.649108887 -0.029685497 0.999519646 -0.008906831 0.275473893 0.070823729 0.010991643 0.997428298 39.934268951
0.996905625 0.027266584 -0.073727705 -78.707000732 -0.027941590 0.999576449 -0.008139368 0.255435377 0.073474541 0.010174251 0.997245252 40.764804840
0.996798754 0.026510525 -0.075427875 -78.773071289 -0.027068904 0.999613166 -0.006389972 0.242537558 0.075229287 0.008411267 0.997130752 41.593559265
0.996731162 0.025714673 -0.076588117 -78.832015991 -0.025975596 0.999659657 -0.002412457 0.226923257 0.076500028 0.004393992 0.997059822 42.416320801
0.996676385 0.026298963 -0.077100262 -78.915443420 -0.026211904 0.999654114 0.002141116 0.215022892 0.077129900 -0.000113056 0.997021019 43.283226013
0.996740639 0.026112629 -0.076329581 -78.983634949 -0.025854958 0.999656141 0.004362134 0.202584252 0.076417245 -0.002374418 0.997073054 44.134300232
0.996812403 0.029433774 -0.074151754 -79.057586670 -0.029205913 0.999564826 0.004155494 0.193786576 0.074241780 -0.001976579 0.997238278 44.988952637
0.996943533 0.029176610 -0.072473049 -79.122344971 -0.029044667 0.999574006 0.002873995 0.185046032 0.072526023 -0.000760254 0.997366190 45.855491638
0.997103989 0.026705826 -0.071207538 -79.178291321 -0.026740288 0.999642313 0.000469424 0.174871624 0.071194597 0.001436046 0.997461438 46.713871002
0.997290075 0.022882741 -0.069921590 -79.230430603 -0.022989210 0.999735475 -0.000718246 0.157629669 0.069886662 0.002323742 0.997552216 47.582695007
0.997492731 0.022144286 -0.067214705 -79.307289124 -0.022288159 0.999750614 -0.001391239 0.152221859 0.067167118 0.002885843 0.997737586 48.460685730
0.997603834 0.019818643 -0.066285901 -79.366065979 -0.019782228 0.999803603 0.001205641 0.137100235 0.066296764 0.000108531 0.997799993 49.339248657
0.997720480 0.017392106 -0.065203384 -79.427566528 -0.017222013 0.999846578 0.003169847 0.132509172 0.065248519 -0.002039687 0.997866929 50.211833954
0.997752607 0.016845088 -0.064853773 -79.479316711 -0.016659547 0.999855399 0.003400665 0.121443599 0.064901672 -0.002312589 0.997888982 51.096199036
0.997798026 0.018665755 -0.063645080 -79.541633606 -0.018671945 0.999825537 0.000497546 0.098761894 0.063643262 0.000691927 0.997972429 51.975048065
0.997802317 0.021183386 -0.062783778 -79.606079102 -0.021515016 0.999757886 -0.004610604 0.073985904 0.062670909 0.005951264 0.998016417 52.833053589
0.997819841 0.022923248 -0.061888546 -79.664001465 -0.023625484 0.999664247 -0.010638804 0.064429700 0.061623890 0.012077755 0.998026311 53.689514160
0.997735500 0.027826782 -0.061232626 -79.721092224 -0.028866483 0.999452591 -0.016160704 0.036545217 0.060749397 0.017891681 0.997992635 54.529911041
0.997817934 0.027406417 -0.060068205 -79.787330627 -0.028481437 0.999447823 -0.017113941 0.014197826 0.059566006 0.018787429 0.998047411 55.386180878
0.997910142 0.024166701 -0.059927139 -79.843116760 -0.024885271 0.999626756 -0.011273485 -0.004428506 0.059632342 0.012741229 0.998139083 56.244804382
0.997889400 0.023765199 -0.060430273 -79.901672363 -0.023958046 0.999709904 -0.002468571 -0.022497982 0.060354080 0.003911152 0.998169303 57.105411530
0.997839332 0.022507977 -0.061724845 -79.953155518 -0.022194291 0.999737084 0.005763061 -0.048040599 0.061838333 -0.004380673 0.998076618 57.955501556
0.997736990 0.020212727 -0.064127192 -80.009155273 -0.020045133 0.999793768 0.003255806 -0.060267970 0.064179763 -0.001963001 0.997936487 58.782447815
0.997747183 0.015533628 -0.065261468 -80.066841125 -0.015559268 0.999878943 0.000115379 -0.079684108 0.065255359 0.000900302 0.997868180 59.613433838
0.997579157 0.013852103 -0.068146683 -80.135070801 -0.013988004 0.999900997 -0.001517421 -0.093265139 0.068118930 0.002466984 0.997674167 60.442344666
0.997356594 0.015867688 -0.070908628 -80.201431274 -0.016169753 0.999862432 -0.003687873 -0.112234294 0.070840374 0.004824699 0.997475982 61.265354156
0.997072756 0.017433330 -0.074444659 -80.266975403 -0.018021854 0.999811292 -0.007241060 -0.131049156 0.074304380 0.008561495 0.997198820 62.081127167
0.996774912 0.018511709 -0.078084357 -80.342292786 -0.019392798 0.999756277 -0.010540579 -0.150635421 0.077870205 0.012020858 0.996891022 62.893333435
0.996473312 0.020567559 -0.081350170 -80.414543152 -0.021775344 0.999664962 -0.013987465 -0.178597867 0.081035219 0.015709564 0.996587455 63.694828033
0.996116102 0.025518632 -0.084272258 -80.504562378 -0.026827939 0.999535918 -0.014440708 -0.197147131 0.083864637 0.016645472 0.996338129 64.501571655
0.995716155 0.029121667 -0.087756634 -80.586669922 -0.030338710 0.999460697 -0.012566398 -0.218784153 0.087343343 0.015174990 0.996062636 65.311470032
0.995289385 0.032245480 -0.091428667 -80.674110413 -0.033012375 0.999431193 -0.006887678 -0.238043666 0.091154568 0.009873509 0.995787859 66.115661621
0.994909763 0.032261509 -0.095466495 -80.758499146 -0.032495420 0.999471486 -0.000896182 -0.262480289 0.095387116 0.003993844 0.995432258 66.911811829
0.994448304 0.031690396 -0.100341067 -80.847557068 -0.031580128 0.999497652 0.002687467 -0.275875568 0.100375816 0.000496237 0.994949460 67.710418701
0.993799329 0.031250920 -0.106707469 -80.940200806 -0.031013448 0.999511421 0.003884532 -0.290448129 0.106776729 -0.000551079 0.994282961 68.502006531
0.993209183 0.028827006 -0.112714343 -81.026046753 -0.028134739 0.999574244 0.007727966 -0.303737104 0.112889141 -0.004504300 0.993597388 69.302993774
0.992433965 0.029538114 -0.119172744 -81.126304626 -0.028868349 0.999556243 0.007342899 -0.314457595 0.119336784 -0.003847023 0.992846310 70.079025269
0.991573572 0.034213204 -0.124944910 -81.245193481 -0.033633374 0.999411464 0.006747791 -0.325385094 0.125102252 -0.002488612 0.992140651 70.853706360
0.990734041 0.035663493 -0.131049961 -81.362579346 -0.035577316 0.999362409 0.002999604 -0.331854880 0.131073400 0.001690595 0.991371214 71.627441406
0.989953518 0.034632526 -0.137086421 -81.463218689 -0.034927912 0.999389768 0.000250742 -0.344908118 0.137011439 0.004539921 0.990559220 72.365982056
0.989134610 0.036302492 -0.142460212 -81.581909180 -0.036841091 0.999320447 -0.001144020 -0.355729014 0.142321870 0.006379980 0.989799857 73.132514954
0.988437355 0.038127497 -0.146757618 -81.710128784 -0.037949022 0.999271512 0.004016766 -0.364387453 0.146803856 0.001598986 0.989164352 73.905693054
0.987494946 0.039220724 -0.152694166 -81.843292236 -0.038419269 0.999228001 0.008196835 -0.376243591 0.152897775 -0.002227935 0.988239527 74.675773621
0.986603975 0.038186722 -0.158601329 -81.972183228 -0.036930542 0.999258816 0.010861222 -0.389492035 0.158898532 -0.004858491 0.987282932 75.433074951
0.985424399 0.035968050 -0.166268528 -82.098083496 -0.035329819 0.999352574 0.006795663 -0.394431651 0.166405320 -0.000822372 0.986057162 76.189880371
0.984026015 0.033901136 -0.174766675 -82.237640381 -0.034531198 0.999403477 -0.000564693 -0.398278385 0.174643278 0.006590577 0.984609723 76.930854797
0.982389033 0.031134982 -0.184234589 -82.377685547 -0.032067366 0.999483526 -0.002082817 -0.409421861 0.184074596 0.007954057 0.982880116 77.669502258
0.980441034 0.031084321 -0.194343016 -82.533538818 -0.031503223 0.999503255 0.000935629 -0.422971487 0.194275573 0.005205102 0.980933189 78.388923645
0.978212953 0.031051489 -0.205268726 -82.700302124 -0.030275812 0.999517679 0.006919345 -0.426965892 0.205384538 -0.000553917 0.978681326 79.130935669
0.975655019 0.032609485 -0.216873422 -82.876647949 -0.030084964 0.999435782 0.014932887 -0.433134317 0.217237994 -0.008044714 0.976085544 79.869216919
0.973055601 0.033161011 -0.228173554 -83.055648804 -0.029745521 0.999388278 0.018392507 -0.438684106 0.228643894 -0.011109790 0.973446786 80.593948364
0.970161140 0.036880292 -0.239639819 -83.247566223 -0.034427550 0.999303162 0.014414636 -0.449637771 0.240004465 -0.005734307 0.970754862 81.312690735
0.967168689 0.036341142 -0.251523316 -83.449813843 -0.036175139 0.999331534 0.005285295 -0.452816665 0.251547277 0.003987121 0.967836738 82.015029907
0.963987172 0.033946540 -0.263773203 -83.655639648 -0.035026487 0.999386191 0.000608902 -0.454432189 0.263631970 0.008652076 0.964584529 82.722122192
0.960671842 0.032595716 -0.275766641 -83.872192383 -0.032321073 0.999462187 0.005541789 -0.456410468 0.275798947 0.003589234 0.961208701 83.436988831
0.957249820 0.033713136 -0.287291139 -84.095535278 -0.031357601 0.999426305 0.012797931 -0.460679650 0.287557811 -0.003242056 0.957757831 84.178848267
0.953577816 0.034304280 -0.299186617 -84.314727783 -0.030215366 0.999376118 0.018283503 -0.463563561 0.299627185 -0.008394711 0.954019427 84.863006592
0.949545622 0.032072131 -0.311984897 -84.553016663 -0.028340790 0.999462306 0.016488023 -0.463745952 0.312345892 -0.006814231 0.949944019 85.572891235
0.945732176 0.029697288 -0.323587179 -84.799674988 -0.027230790 0.999555290 0.012148355 -0.463896036 0.323804110 -0.002677555 0.946120381 86.279693604
0.942741275 0.025662385 -0.332536370 -85.058013916 -0.025268629 0.999665439 0.005509241 -0.473782241 0.332566559 0.003208953 0.943074346 86.977081299
0.939981282 0.021909049 -0.340521991 -85.310455322 -0.023382023 0.999726474 -0.000221999 -0.478998482 0.340424031 0.008170773 0.940236509 87.671005249
0.937456846 0.021978902 -0.347406745 -85.582931519 -0.024210297 0.999704719 -0.002083138 -0.488256693 0.347258359 0.010363671 0.937712193 88.386238098
0.934375525 0.027089711 -0.355258316 -85.866561890 -0.029756743 0.999555171 -0.002044462 -0.499795675 0.355044872 0.012481624 0.934765935 89.086685181
0.931384861 0.026975449 -0.363035202 -86.152847290 -0.028789742 0.999585390 0.000413015 -0.513043284 0.362895876 0.010067016 0.931775272 89.788948059
0.928187788 0.027749564 -0.371075720 -86.435562134 -0.027142685 0.999608099 0.006858913 -0.514349997 0.371120661 0.003705631 0.928577185 90.495361328
0.925558448 0.030016690 -0.377412915 -86.728805542 -0.026257919 0.999541104 0.015101966 -0.517182112 0.377692968 -0.004067678 0.925921977 91.205924988
0.922730625 0.039859723 -0.383378595 -87.036392212 -0.033995852 0.999178469 0.022061624 -0.524151802 0.383943021 -0.007323655 0.923327744 91.907806396
0.920116842 0.046650294 -0.388855636 -87.352172852 -0.042497672 0.998910606 0.019278746 -0.525295734 0.389331341 -0.001213243 0.921097040 92.595390320
0.917861998 0.043130226 -0.394549340 -87.664817810 -0.041895121 0.999052882 0.011748699 -0.525316358 0.394682378 0.005746008 0.918799639 93.288764954
0.915859342 0.035381839 -0.399937153 -87.952499390 -0.036925189 0.999310613 0.003848521 -0.517318010 0.399797559 0.011243051 0.916534483 93.981338501
0.914395452 0.035968818 -0.403221101 -88.287559509 -0.037807260 0.999279201 0.003402868 -0.522853255 0.403052837 0.012133118 0.915096402 94.687553406
0.912156940 0.041755132 -0.407708585 -88.615707397 -0.041843239 0.999086320 0.008705661 -0.528685451 0.407699585 0.009118924 0.913070619 95.384277344
0.909582138 0.044380754 -0.413147241 -88.936828613 -0.042794097 0.998998106 0.013098327 -0.536494374 0.413314611 0.005766260 0.910570145 96.077285767
0.907575905 0.040440705 -0.417935878 -89.268394470 -0.039481159 0.999160349 0.010945684 -0.540811896 0.418027610 0.006566555 0.908410668 96.771209717
0.905407429 0.039711677 -0.422682375 -89.606643677 -0.041470699 0.999126971 0.005037175 -0.550141394 0.422513485 0.012968239 0.906263947 97.453437805
0.903277874 0.036521427 -0.427498698 -89.937500000 -0.041126177 0.999152839 -0.001538917 -0.554685235 0.427080303 0.018971458 0.904014707 98.126152039
