1.000000000 0.000000000 0.000000000 0.000000000 0.000000000 1.000000000 0.000000000 0.000000000 0.000000000 0.000000000 1.000000000 0.000000000
0.999933958 -0.002500603 0.011215618 0.015941223 0.002489673 0.999996424 0.000988443 -0.003369220 -0.011218049 -0.000960455 0.999936640 0.297053158
0.999828875 -0.004499696 0.017945131 0.026046989 0.004479517 0.999989271 0.001164545 -0.008319926 -0.017950179 -0.001083960 0.999838293 0.582937717
0.999778152 -0.007310088 0.019754136 0.038499668 0.007314032 0.999973238 -0.000127408 -0.011182061 -0.019752678 0.000271862 0.999804854 0.886855245
0.999816656 -0.008759071 0.017028928 0.054444529 0.008791226 0.999959707 -0.001814315 -0.009078029 -0.017012350 0.001963688 0.999853373 1.205349445
0.999883354 -0.011470281 0.010086303 0.056716666 0.011505170 0.999927998 -0.003407814 -0.010453295 -0.010046488 0.003523461 0.999943316 1.519204974
0.999912024 -0.013131879 -0.001838020 0.053795874 0.013121766 0.999899268 -0.005409407 -0.011756252 0.001908871 0.005384814 0.999983668 1.854606152
0.999752045 -0.012403108 -0.018490551 0.035305467 0.012295657 0.999906838 -0.005913581 -0.014933242 0.018562175 0.005684761 0.999811530 2.187766790
0.999235749 -0.007963948 -0.038269155 0.007459246 0.007757409 0.999954581 -0.005542462 -0.024423376 0.038311556 0.005241356 0.999252141 2.527036905
0.998312771 -0.004454063 -0.057895087 -0.038143918 0.004046811 0.999966264 -0.007149695 -0.024020296 0.057924975 0.006903341 0.998297036 2.880902052
0.996917784 -0.004225190 -0.078339234 -0.069464564 0.003642394 0.999964595 -0.007580788 -0.029671121 0.078368478 0.007272080 0.996897936 3.247893810
0.995022476 -0.005720293 -0.099486642 -0.119005173 0.005027765 0.999961317 -0.007210347 -0.029956579 0.099524044 0.006674261 0.995012820 3.624078035
0.992792785 -0.007341835 -0.119618103 -0.173979521 0.006643185 0.999958456 -0.006238380 -0.037215609 0.119658947 0.005398774 0.992800355 4.015207767
0.990536511 -0.006198705 -0.137109354 -0.247615337 0.005501735 0.999969959 -0.005461691 -0.045166906 0.137139112 0.004655664 0.990540802 4.403889179
0.988198996 -0.005114530 -0.153090343 -0.320788503 0.004423213 0.999978423 -0.004855990 -0.051849581 0.153111905 0.004121533 0.988200307 4.814514160
0.985979319 -0.004204498 -0.166814253 -0.403998077 0.003398379 0.999981105 -0.005117588 -0.058025740 0.166832641 0.004478938 0.985975087 5.232122421
0.983947814 -0.005869814 -0.178359613 -0.500018835 0.004887956 0.999970376 -0.005943871 -0.066407457 0.178389177 0.004976644 0.983947396 5.655598164
0.982184112 -0.009392553 -0.187686533 -0.596522391 0.007983558 0.999933958 -0.008261701 -0.073875278 0.187751740 0.006616104 0.982194185 6.101962566
0.980639756 -0.008328551 -0.195643410 -0.691640258 0.006518067 0.999929786 -0.009896025 -0.085511655 0.195712104 0.008429218 0.980625153 6.564535618
0.979022503 -0.008336828 -0.203581408 -0.786018670 0.006062287 0.999912024 -0.011793712 -0.088768281 0.203661829 0.010312138 0.978986979 7.028123856
0.977295578 -0.009035668 -0.211687356 -0.895580590 0.006097377 0.999875844 -0.014529004 -0.100526176 0.211792320 0.012908394 0.977229416 7.509252548
0.975611150 -0.013186570 -0.219109297 -1.016222000 0.009831233 0.999817252 -0.016396828 -0.106936254 0.219285473 0.013842814 0.975562513 8.003949165
0.973545492 -0.019707240 -0.227641761 -1.110895157 0.016097901 0.999713719 -0.017701315 -0.122729458 0.227925435 0.013568480 0.973584056 8.519761086
0.971439242 -0.020137364 -0.236432314 -1.239868879 0.015794002 0.999670208 -0.020250238 -0.135171890 0.236762136 0.015937665 0.971436977 9.037740707
0.969410300 -0.016064152 -0.244919255 -1.390578985 0.010358424 0.999644458 -0.024566785 -0.148443460 0.245226830 0.021278316 0.969232202 9.561796188
0.967184246 -0.013130659 -0.253736317 -1.547274232 0.006329758 0.999598920 -0.027600896 -0.164272845 0.253996968 0.025089061 0.966879547 10.108336449
0.964858770 -0.015528261 -0.262309641 -1.700976372 0.008076848 0.999533236 -0.029461339 -0.184099630 0.262644738 0.026307395 0.964533925 10.664664268
0.962475002 -0.018724445 -0.270723581 -1.858500004 0.010601189 0.999449492 -0.031437080 -0.207309261 0.271163195 0.027387414 0.962143660 11.221968651
0.960276246 -0.018183948 -0.278458059 -2.036550522 0.009102791 0.999384701 -0.033870716 -0.229494229 0.278902560 0.029990492 0.959851027 11.795891762
0.957991123 -0.016965134 -0.286295891 -2.230357647 0.006516271 0.999278665 -0.037410140 -0.257269830 0.286724001 0.033973005 0.957410634 12.388917923
0.955556929 -0.018320762 -0.294236720 -2.409889698 0.006085643 0.999080300 -0.042444509 -0.287080169 0.294743747 0.038767524 0.954789639 12.982596397
0.953788161 -0.019856920 -0.299823135 -2.607902765 0.005090547 0.998738706 -0.049951348 -0.320392549 0.300436914 0.046116740 0.952686250 13.589735985
0.952534378 -0.020131715 -0.303764462 -2.821321011 0.002583216 0.998309672 -0.058061697 -0.358772278 0.304419905 0.054521073 0.950976372 14.203901291
0.951257110 -0.020521298 -0.307715803 -3.030029774 0.000017939 0.997787356 -0.066486105 -0.402219594 0.308399409 0.063239850 0.949152529 14.823504448
0.949990511 -0.019552024 -0.311666131 -3.253239632 -0.004105871 0.997169733 -0.075071439 -0.455322802 0.312251896 0.072596803 0.947221398 15.456348419
0.948679686 -0.019450622 -0.315639704 -3.480078220 -0.006943137 0.996585071 -0.082280561 -0.506741583 0.316162229 0.080249429 0.945304930 16.097320557
0.947016418 -0.017544484 -0.320705622 -3.714905739 -0.011652271 0.995973051 -0.088893764 -0.564722478 0.320973724 0.087920800 0.942998290 16.754302979
0.945419908 -0.016623272 -0.325430155 -3.959798813 -0.015107257 0.995388031 -0.094734035 -0.630163193 0.325504005 0.094479807 0.940808535 17.422599792
0.943820179 -0.014752568 -0.330129951 -4.214091301 -0.019393682 0.994808435 -0.099900469 -0.707570910 0.329889774 0.100690514 0.938634217 18.104808807
0.941943109 -0.012237355 -0.335549504 -4.463468552 -0.023876302 0.994364738 -0.103288844 -0.775157094 0.334922582 0.105303869 0.936342835 18.801273346
0.940288663 -0.011124399 -0.340196192 -4.734313965 -0.026066817 0.994177163 -0.104557194 -0.855464339 0.339378387 0.107181765 0.934523582 19.498298645
0.937917531 -0.010873276 -0.346687824 -5.002773285 -0.026887331 0.994221926 -0.103922196 -0.934684277 0.345814526 0.106791958 0.932205796 20.203029633
0.935629487 -0.011034628 -0.352810949 -5.270555496 -0.026748938 0.994420767 -0.102038145 -1.021174431 0.351968408 0.104907215 0.930114329 20.906742096
0.933140695 -0.011314479 -0.359333277 -5.561033726 -0.026507726 0.994618595 -0.100154996 -1.103975177 0.358532846 0.102983803 0.927819252 21.627254486
0.929868639 -0.009790595 -0.367761344 -5.850447655 -0.027971249 0.994870663 -0.097209685 -1.181360006 0.366826773 0.100678951 0.924825311 22.343841553
0.926604569 -0.007963362 -0.375952810 -6.164390564 -0.028657867 0.995372713 -0.091716371 -1.257436633 0.374943525 0.095758818 0.922088742 23.079444885
0.923099935 -0.004324738 -0.384535789 -6.487390518 -0.031311162 0.995771527 -0.086363293 -1.340098977 0.383283317 0.091762230 0.919061244 23.823272705
0.919399381 -0.000593485 -0.393324822 -6.817753315 -0.034548294 0.996011913 -0.082259722 -1.417723298 0.391805053 0.089218251 0.915712237 24.573793411
0.915617347 0.000778616 -0.402050018 -7.166546822 -0.036288198 0.996076584 -0.080712691 -1.490440965 0.400409818 0.088491619 0.912053168 25.326469421
0.911659420 0.000862978 -0.410945684 -7.513136864 -0.036996752 0.996109307 -0.079983361 -1.558738708 0.409277827 0.088121235 0.908144414 26.069824219
0.907863259 0.001138094 -0.419264972 -7.880808353 -0.037686784 0.996169746 -0.078901716 -1.627420664 0.417569190 0.087432697 0.904428840 26.839813232
0.903853238 0.001618162 -0.427839607 -8.270462036 -0.038287211 0.996286571 -0.077117391 -1.696586490 0.426126033 0.086083606 0.900558889 27.634708405
0.900040507 0.001159973 -0.435804784 -8.635788918 -0.037502509 0.996493161 -0.074799262 -1.769258499 0.434189647 0.083666138 0.896927714 28.388650894
0.896311760 0.001437678 -0.443422228 -9.036159515 -0.036495708 0.996841192 -0.070538610 -1.839682460 0.441920191 0.079407588 0.893532872 29.178985596
0.892505229 0.004097369 -0.451018512 -9.446632385 -0.037373740 0.997191727 -0.064898431 -1.906000257 0.449485958 0.074778438 0.890151978 29.969804764
0.888639212 0.004129514 -0.458588541 -9.870731354 -0.035929073 0.997512817 -0.060639843 -1.970390797 0.457197577 0.070363596 0.886577308 30.779184341
0.885025859 0.003091083 -0.465531558 -10.304351807 -0.034519918 0.997660697 -0.059001729 -2.030209303 0.464260250 0.068288170 0.883062363 31.582744598
0.881616473 0.002934884 -0.471957266 -10.742914200 -0.034225345 0.997745514 -0.057728458 -2.092273474 0.470723778 0.067047261 0.879729390 32.408569336
0.878494263 0.003649862 -0.477739006 -11.204830170 -0.034490723 0.997846127 -0.055800147 -2.150760651 0.476506293 0.065497674 0.876727939 33.236419678
0.875411987 0.001466132 -0.483375311 -11.661670685 -0.031769801 0.998007715 -0.054509301 -2.202628136 0.482332319 0.063074835 0.873714507 34.067722321
0.872800469 0.000545542 -0.488076866 -12.149867058 -0.031047160 0.998036206 -0.054404352 -2.264252663 0.487088680 0.062637545 0.871103466 34.913379669
0.870493114 -0.000884610 -0.492179841 -12.620724678 -0.030060556 0.998035908 -0.054960370 -2.321946144 0.491261750 0.062637828 0.868756711 35.761810303
0.869138241 -0.000462271 -0.494569123 -13.119577408 -0.030918984 0.997992635 -0.055268750 -2.381587982 0.493601829 0.063327760 0.867379248 36.624946594
0.868626118 -0.000502662 -0.495467871 -13.624483109 -0.030490344 0.998049974 -0.054466493 -2.439926147 0.494529009 0.062418006 0.866916955 37.488063812
0.868358850 -0.000521049 -0.495936096 -14.132880211 -0.029748142 0.998144031 -0.053136162 -2.498657465 0.495043367 0.060894433 0.866731763 38.372528076
0.868243039 -0.001387601 -0.496137202 -14.658098221 -0.028293530 0.998230219 -0.052305691 -2.563981056 0.495331734 0.059451520 0.866667151 39.255393982
0.867446721 -0.003739773 -0.497515917 -15.178819656 -0.026153686 0.998246431 -0.053104129 -2.625155210 0.496842027 0.059076872 0.865827858 40.166812897
0.866451502 -0.006212547 -0.499222577 -15.713857651 -0.023648245 0.998289526 -0.053467087 -2.687798977 0.498700857 0.058132377 0.864822567 41.079177856
0.864807665 -0.006490341 -0.502061307 -16.256340027 -0.022484317 0.998412788 -0.051636416 -2.747116327 0.501599550 0.055944078 0.863289118 42.014965057
0.862779796 -0.005726941 -0.505547643 -16.797136307 -0.021337155 0.998632491 -0.047727216 -2.808363914 0.505129516 0.051965024 0.861477613 42.917423248
0.859979093 -0.005705201 -0.510297537 -17.347066879 -0.019467041 0.998842895 -0.043974053 -2.865786076 0.509958029 0.047750738 0.858872950 43.838909149
0.855940700 -0.006318496 -0.517035365 -17.915889740 -0.017661778 0.998984575 -0.041446894 -2.935580254 0.516772270 0.044607852 0.854959965 44.760974884
0.850791514 -0.009616826 -0.525415242 -18.483608246 -0.015847061 0.998908341 -0.043944050 -2.991829872 0.525264323 0.045713514 0.849710286 45.663436890
0.844637215 -0.013761435 -0.535162330 -19.049999237 -0.013660007 0.998790085 -0.047242742 -3.049725056 0.535164893 0.047213297 0.843427122 46.562160492
0.838516891 -0.013244658 -0.544714570 -19.632480621 -0.014463987 0.998811185 -0.046551369 -3.111081839 0.544683576 0.046912856 0.837328494 47.458442688
0.832791686 -0.009780880 -0.553500116 -20.236522675 -0.015689814 0.999025226 -0.041260496 -3.169504166 0.553364158 0.043045718 0.831826448 48.345352173
0.827703834 -0.004477788 -0.561147273 -20.856842041 -0.019626377 0.999125361 -0.036922034 -3.227777004 0.560821831 0.041573793 0.826892078 49.232063293
0.823619902 -0.004727677 -0.567122400 -21.470443726 -0.020708529 0.999047756 -0.038402885 -3.281355381 0.566763878 0.043373656 0.822737813 50.109207153
0.820020378 -0.007206644 -0.572288692 -22.087524414 -0.020804200 0.998884499 -0.042388514 -3.340687037 0.571956038 0.046665456 0.818955779 50.992401123
0.817110121 -0.009308664 -0.576406240 -22.719860077 -0.023621971 0.998489201 -0.049611453 -3.397154808 0.575997233 0.054153878 0.815655828 51.862819672
0.813680112 -0.010675743 -0.581214786 -23.335424423 -0.023414101 0.998418152 -0.051117819 -3.458559990 0.580841184 0.055202175 0.812142968 52.731334686
0.810341716 -0.009248529 -0.585884571 -23.973745346 -0.022641923 0.998634517 -0.047080241 -3.521604538 0.585520029 0.051416639 0.809025764 53.598350525
0.807300508 -0.006611081 -0.590103567 -24.609760284 -0.022480780 0.998866975 -0.041945755 -3.580422640 0.589712262 0.047128815 0.806237221 54.454204559
0.804346442 -0.004520325 -0.594143391 -25.249866486 -0.023097370 0.998977304 -0.038869400 -3.636804819 0.593711436 0.044987608 0.803419471 55.305458069
0.801266372 -0.004331122 -0.598292172 -25.903099060 -0.024185883 0.998921931 -0.039622419 -3.687006235 0.597818792 0.046218336 0.800297737 56.164829254
0.797636569 -0.005626477 -0.603112221 -26.562583923 -0.023921544 0.998874605 -0.040955633 -3.744649887 0.602663815 0.047095086 0.796604216 57.031642914
0.793371677 -0.008607990 -0.608676553 -27.201715469 -0.022769157 0.998780668 -0.043803077 -3.800362825 0.608311534 0.048611175 0.792208433 57.871025085
0.789226770 -0.009687130 -0.614025533 -27.873277664 -0.022088416 0.998780787 -0.044148147 -3.858231068 0.613704503 0.048405755 0.788050532 58.719985962
0.784657538 -0.009921496 -0.619850218 -28.549438477 -0.021585993 0.998828351 -0.043312851 -3.915847778 0.619553685 0.047365837 0.783523977 59.562599182
0.779911637 -0.009559087 -0.625816643 -29.243690491 -0.021489961 0.998884737 -0.042038992 -3.983886242 0.625520587 0.046235476 0.778836548 60.412052155
0.774483383 -0.010825248 -0.632501543 -29.925521851 -0.021503406 0.998825252 -0.043425284 -4.035245419 0.632228553 0.047233105 0.773340821 61.244834900
0.769099891 -0.012238119 -0.639011383 -30.628284454 -0.020949613 0.998796761 -0.044343084 -4.094167233 0.638785243 0.047491308 0.767917991 62.084087372
0.763535321 -0.013325281 -0.645628512 -31.328575134 -0.020497950 0.998783171 -0.044855475 -4.158820152 0.645440698 0.047482807 0.762333035 62.909881592
0.757970870 -0.015147320 -0.652112424 -32.051013947 -0.019443186 0.998761475 -0.045798741 -4.223111153 0.651998460 0.047393244 0.756737649 63.731170654
0.751697123 -0.016941752 -0.659290850 -32.780487061 -0.018667698 0.998722851 -0.046948284 -4.283628464 0.659244239 0.047598336 0.750420868 64.566040039
0.745748222 -0.017859479 -0.665988505 -33.534721375 -0.017891059 0.998743296 -0.046816524 -4.353216171 0.665987492 0.046828583 0.744491577 65.386917114
0.739295900 -0.017870184 -0.673143566 -34.288360596 -0.016846439 0.998844087 -0.045018688 -4.416898727 0.673169851 0.044622198 0.738140345 66.215354919
0.733044147 -0.017856194 -0.679946601 -35.059288025 -0.016886979 0.998869419 -0.044437181 -4.474654198 0.679971278 0.044056654 0.731913924 67.025856018
0.726331651 -0.019714110 -0.687061667 -35.814643860 -0.015710270 0.998851240 -0.045268621 -4.538194656 0.687164843 0.043673959 0.725187600 67.831405640
0.719640195 -0.022031309 -0.693997502 -36.601696014 -0.014631175 0.998793423 -0.046879005 -4.600517273 0.694193006 0.043890011 0.718449473 68.651748657
0.713982165 -0.021303795 -0.699839771 -37.406993866 -0.016266542 0.998762488 -0.046998549 -4.658741951 0.699974835 0.044940103 0.712752104 69.448463440
0.708349645 -0.020610299 -0.705560625 -38.217407227 -0.016486883 0.998817801 -0.045728754 -4.725756645 0.705669045 0.044024449 0.707172453 70.249465942
0.703439415 -0.020197017 -0.710468054 -39.035491943 -0.017253349 0.998816371 -0.045476761 -4.788603306 0.710545778 0.044248104 0.702258408 71.046707153
0.698512971 -0.020701423 -0.715297818 -39.858650208 -0.018371522 0.998733282 -0.046844747 -4.846351624 0.715361476 0.045862775 0.697247863 71.846038818
0.693369985 -0.022625657 -0.720226467 -40.687736511 -0.018862125 0.998594463 -0.049529269 -4.920802593 0.720334888 0.047927108 0.691968679 72.630989075
0.688539088 -0.025578098 -0.724748015 -41.531181335 -0.017578548 0.998495460 -0.051939607 -4.986887932 0.724986196 0.048502468 0.687053502 73.419067383
0.683187425 -0.025628489 -0.729793191 -42.391304016 -0.018444950 0.998459399 -0.052330397 -5.062110901 0.730010033 0.049212471 0.681662202 74.218673706
0.678265154 -0.025339302 -0.734380186 -43.266204834 -0.018276973 0.998514295 -0.051333480 -5.126124382 0.734589815 0.048239969 0.676794410 75.018440247
0.673624814 -0.025313742 -0.738639832 -44.143890381 -0.017436652 0.998590827 -0.050124336 -5.198660851 0.738867760 0.046644401 0.672234178 75.798492432
0.667884350 -0.026854018 -0.743780375 -45.022789001 -0.016719792 0.998555303 -0.051066279 -5.267122269 0.744077265 0.046542231 0.666470408 76.599021912
0.663237810 -0.028069926 -0.747882128 -45.904815674 -0.015638113 0.998558402 -0.051346652 -5.334798813 0.748245299 0.045750506 0.661842704 77.374839783
0.658997834 -0.028259678 -0.751613736 -46.810810089 -0.015194922 0.998589754 -0.050868206 -5.413773060 0.751991332 0.044942744 0.657639086 78.146255493
0.654929340 -0.028980849 -0.755134165 -47.710624695 -0.013870422 0.998634994 -0.050355874 -5.489153862 0.755562663 0.043453567 0.653633535 78.922454834
0.650837064 -0.032229859 -0.758532882 -48.636001587 -0.011019776 0.998592257 -0.051885102 -5.560365677 0.759137452 0.042127606 0.649565637 79.719474792
0.646720469 -0.036405217 -0.761857867 -49.546028137 -0.008657697 0.998445511 -0.055059806 -5.632434368 0.762677968 0.042204231 0.645399988 80.478462219
0.642006993 -0.040861618 -0.765609145 -50.467441559 -0.004498604 0.998360813 -0.057056237 -5.701996326 0.766685605 0.040074676 0.640770793 81.249008179
0.635025978 -0.044230957 -0.771223426 -51.397178650 0.000512698 0.998383343 -0.056836791 -5.780194759 0.772490621 0.035697434 0.634021997 82.024490356
0.626968384 -0.048132472 -0.777556419 -52.329757690 0.005336637 0.998331487 -0.057495844 -5.862952709 0.779026449 0.031898540 0.626179099 82.773162842
0.617920160 -0.048914902 -0.784717858 -53.280838013 0.007862824 0.998397291 -0.056042969 -5.943387508 0.786201537 0.028459979 0.617314458 83.514099121
0.609320283 -0.047310337 -0.791511416 -54.243244171 0.008534919 0.998551905 -0.053115241 -6.025433540 0.792878151 0.025608711 0.608841717 84.246322632
0.600663602 -0.047242481 -0.798104823 -55.224994659 0.008063596 0.998559892 -0.053039312 -6.101593971 0.799461186 0.025423191 0.600179553 84.968879700
0.590895951 -0.048714902 -0.805275619 -56.223369598 0.007612871 0.998467505 -0.054815803 -6.180314541 0.806711853 0.026259977 0.590361297 85.697250366
0.581009686 -0.050811365 -0.812309027 -57.223388672 0.007839843 0.998352468 -0.056841206 -6.260936737 0.813858867 0.026656918 0.580450833 86.400833130
0.571459413 -0.052770160 -0.818931878 -58.253265381 0.008117464 0.998244941 -0.058660246 -6.334602833 0.820590138 0.026874300 0.570884883 87.110961914
0.560765862 -0.053121071 -0.826268554 -59.282108307 0.011022868 0.998330295 -0.056702051 -6.426409245 0.827901065 0.022688735 0.560415149 87.825637817
0.550829947 -0.053026497 -0.832931280 -60.318092346 0.011884862 0.998376966 -0.055699535 -6.506285667 0.834532857 0.020781694 0.550566077 88.497650146
0.540935338 -0.053799480 -0.839341700 -61.375633240 0.012183275 0.998348653 -0.056139551 -6.587307930 0.840975940 0.020141935 0.540697515 89.164207458
0.530477643 -0.054522961 -0.845943689 -62.456359863 0.011772389 0.998307049 -0.056960840 -6.676586151 0.847617209 0.020257680 0.530221403 89.830673218
0.519980907 -0.055665303 -0.852362096 -63.522830963 0.011207893 0.998233140 -0.058354359 -6.754571915 0.854104280 0.020789975 0.519686043 90.490722656
0.510393620 -0.056703039 -0.858069420 -64.606575012 0.010458224 0.998159170 -0.059739750 -6.840540409 0.859877288 0.021516904 0.510047138 91.124404907
0.500380993 -0.056644209 -0.863950372 -65.698135376 0.009304459 0.998151720 -0.060054075 -6.926947594 0.865755379 0.022011319 0.499983132 91.757316589
0.491798550 -0.054671284 -0.868990958 -66.827102661 0.009180821 0.998296916 -0.057610560 -7.017681122 0.870660603 0.020354744 0.491462886 92.388732910
0.483766675 -0.053321484 -0.873571217 -67.941909790 0.009824177 0.998410285 -0.055501044 -7.100815773 0.875141740 0.018267436 0.483521461 93.003616333
0.476580143 -0.053008653 -0.877531469 -69.057533264 0.009010174 0.998422563 -0.055417918 -7.188354492 0.879084885 0.018504370 0.476305902 93.597900391
0.468317389 -0.056331344 -0.881762743 -70.158454895 0.011345523 0.998266697 -0.057748411 -7.272778511 0.883487463 0.017040530 0.468144745 94.194351196
0.461296201 -0.059502270 -0.885248721 -71.296691895 0.014166686 0.998115480 -0.059706487 -7.362773418 0.887133062 0.015001339 0.461269796 94.786163330
0.455245376 -0.062539920 -0.888166845 -72.429641724 0.015276695 0.997931838 -0.062438652 -7.457759380 0.890234947 0.014856655 0.455259264 95.362831116
0.449681997 -0.066182308 -0.890733421 -73.572776794 0.017572258 0.997713566 -0.065259784 -7.554744720 0.893015862 0.013693949 0.449816823 95.942382812
0.444715679 -0.067190677 -0.893147945 -74.713836670 0.020876506 0.997688949 -0.064660385 -7.658124924 0.895428479 0.010109680 0.445090592 96.515594482
0.440472305 -0.064592198 -0.895439506 -75.859924316 0.022624144 0.997890294 -0.060853481 -7.754656792 0.897481084 0.006545722 0.441004366 97.083175659
0.436552048 -0.062963061 -0.897473097 -76.997169495 0.026237600 0.998014927 -0.057254069 -7.851726532 0.899296343 0.001446843 0.437337369 97.639556885
0.433438897 -0.062303826 -0.899026692 -78.141372681 0.026767628 0.998057187 -0.056261569 -7.936430931 0.900785327 0.000321144 0.434264481 98.185577393
0.430717558 -0.062436786 -0.900324404 -79.271369934 0.028436270 0.998047590 -0.055609826 -8.020374298 0.902038634 -0.001649741 0.431652129 98.720970154
0.428738296 -0.061109319 -0.901359558 -80.396743774 0.029750947 0.998123586 -0.053518351 -8.114332199 0.902938664 -0.003870934 0.429751933 99.242324829
0.425668061 -0.060653463 -0.902844310 -81.551521301 0.032323129 0.998133421 -0.051815495 -8.194290161 0.904301882 -0.007126551 0.426833987 99.791030884
0.423570782 -0.061736271 -0.903756917 -82.675643921 0.034893498 0.998046458 -0.051823452 -8.275606155 0.905190766 -0.009584336 0.424897492 100.318954468
0.420554221 -0.062031053 -0.905144334 -83.777908325 0.036710706 0.998006344 -0.051338278 -8.354369164 0.906524420 -0.011637956 0.421992987 100.849639893
0.418253511 -0.061441351 -0.906249940 -84.881858826 0.040101074 0.997985840 -0.049153309 -8.430144310 0.907444775 -0.015783053 0.419874936 101.369628906
0.416150123 -0.060992807 -0.907248020 -85.989646912 0.042177379 0.997968674 -0.047745258 -8.507187843 0.908317208 -0.018396150 0.417877287 101.873367310
0.414639831 -0.062492546 -0.907837272 -87.084884644 0.044329599 0.997841835 -0.048441350 -8.582597733 0.908905327 -0.020158350 0.416515261 102.372795105
0.412778676 -0.063377619 -0.908623695 -88.155845642 0.046022698 0.997753143 -0.048686862 -8.667992592 0.909667909 -0.021720413 0.414768070 102.870170593
0.412362784 -0.064150847 -0.908758283 -89.218765259 0.045670945 0.997719049 -0.049706873 -8.748977661 0.909874201 -0.021006584 0.414352089 103.347900391
0.412688136 -0.064672202 -0.908573508 -90.264801025 0.045267615 0.997699857 -0.050454944 -8.830781937 0.909746826 -0.020306801 0.414666474 103.833038330
0.415193439 -0.064776249 -0.907424212 -91.323554993 0.043182138 0.997740746 -0.051465429 -8.909208298 0.908707738 -0.017816408 0.417052627 104.299545288
0.419450492 -0.064850911 -0.905458808 -92.354469299 0.041016124 0.997780144 -0.052462604 -8.987579346 0.906851172 -0.015132941 0.421179324 104.777389526
0.424686491 -0.065163046 -0.902992368 -93.396598816 0.039468691 0.997790635 -0.053441491 -9.069175720 0.904479802 -0.012944046 0.426320046 105.251098633
0.430439830 -0.065222070 -0.900259733 -94.406051636 0.039230663 0.997795284 -0.053531028 -9.148152351 0.901766300 -0.012275897 0.432049543 105.734802246
0.437022895 -0.064079233 -0.897164881 -95.410644531 0.037991442 0.997883976 -0.052766800 -9.222492218 0.898647606 -0.011024286 0.438532591 106.227630615
0.445655525 -0.062431268 -0.893024862 -96.424476624 0.036621429 0.998001575 -0.051494602 -9.299974442 0.894455075 -0.009754994 0.447051287 106.715415955
0.454423487 -0.062450916 -0.888593912 -97.394538879 0.036442243 0.998007596 -0.051504154 -9.371976852 0.890040040 -0.008977653 0.455794036 107.206245422
0.464139730 -0.062153015 -0.883578658 -98.380554199 0.035470910 0.998039186 -0.051571727 -9.441204071 0.885051548 -0.007404855 0.465434283 107.713165283
0.473861694 -0.062519148 -0.878377199 -99.352836609 0.034282524 0.998030126 -0.052540991 -9.520469666 0.879931808 -0.005215826 0.475071549 108.236618042
0.484052509 -0.064290211 -0.872673988 -100.324768066 0.033139810 0.997928739 -0.055135872 -9.589299202 0.874411166 -0.002231590 0.485180497 108.772476196
0.495603800 -0.065368429 -0.866085410 -101.280799866 0.031317547 0.997860312 -0.057393275 -9.661229134 0.867983878 0.001320649 0.496590585 109.311752319
0.508327007 -0.063389741 -0.858827889 -102.232048035 0.029124681 0.997982144 -0.056422204 -9.741510391 0.860671520 0.003667842 0.509147584 109.860198975
0.520785928 -0.060331572 -0.851552784 -103.154472351 0.027054042 0.998165071 -0.054173376 -9.820268631 0.853258550 0.005174785 0.521462440 110.419502258
0.533291042 -0.057902038 -0.843947947 -104.067657471 0.026336148 0.998307467 -0.051850602 -9.897159576 0.845521748 0.005425123 0.533913374 110.990013123
0.545063972 -0.057328828 -0.836432159 -104.970840454 0.026190942 0.998336673 -0.051358309 -9.967107773 0.837985277 0.006086616 0.545658827 111.573196411
0.556804001 -0.056580961 -0.828714490 -105.842315674 0.026092086 0.998376489 -0.050633721 -10.054935455 0.830233991 0.006570177 0.557376266 112.151359558
0.568174779 -0.058105968 -0.820853949 -106.719650269 0.026261315 0.998276114 -0.052487765 -10.118491173 0.822488785 0.008265520 0.568721294 112.744613647
0.578244269 -0.059703507 -0.813676298 -107.564468384 0.028525425 0.998188555 -0.052970331 -10.192705154 0.815364838 0.007419331 0.578900039 113.364753723
0.590306997 -0.058996581 -0.805019796 -108.423782349 0.029318910 0.998234391 -0.051657438 -10.280345917 0.806646228 0.006891446 0.590994537 113.968978882
0.601047337 -0.056643754 -0.797203541 -109.255981445 0.028265635 0.998367846 -0.049626362 -10.348512650 0.798713386 0.007294323 0.601667404 114.587112427
0.611300826 -0.053697240 -0.789574504 -110.059631348 0.028528715 0.998542070 -0.045821302 -10.419005394 0.790883958 0.005485055 0.611941516 115.200225830
0.620985270 -0.051590562 -0.782122552 -110.867004395 0.026909340 0.998646557 -0.044507656 -10.488910675 0.783360183 0.006592191 0.621533036 115.836730957
0.631011128 -0.051451903 -0.774065673 -111.647033691 0.025154226 0.998630464 -0.045873180 -10.547972679 0.775365949 0.009475457 0.631441116 116.469795227
0.640459478 -0.050374214 -0.766338229 -112.407760620 0.022834277 0.998654366 -0.046561703 -10.616530418 0.767652512 0.012322099 0.640747786 117.104171753
0.649782658 -0.049939480 -0.758477747 -113.179801941 0.022772243 0.998670518 -0.046245355 -10.679519653 0.759778678 0.012777193 0.650056064 117.744148254
0.658842742 -0.047600813 -0.750773191 -113.918022156 0.022261832 0.998792708 -0.043789908 -10.743240356 0.751951158 0.012137079 0.659107029 118.395111084
0.667580366 -0.045984901 -0.743116438 -114.643013000 0.022573173 0.998882115 -0.041533325 -10.802779198 0.744195521 0.010952332 0.667872012 119.039527893
0.675807059 -0.045388173 -0.735679805 -115.359268188 0.022799501 0.998911917 -0.040684439 -10.862770081 0.736725867 0.010721697 0.676106513 119.693954468
0.683710277 -0.044547148 -0.728392661 -116.060112000 0.021597218 0.998933017 -0.040820532 -10.915187836 0.729433894 0.012178163 0.683942974 120.345695496
0.691004515 -0.043502305 -0.721540213 -116.746513367 0.021064591 0.998975456 -0.040055979 -10.969699860 0.722543478 0.012479914 0.691212833 121.006027222
0.698517382 -0.040880062 -0.714424431 -117.425537109 0.020044012 0.999092817 -0.037571352 -11.021875381 0.715312302 0.011924310 0.698703170 121.649879456
0.705910683 -0.038161494 -0.707272053 -118.087852478 0.019043759 0.999209106 -0.034906112 -11.071279526 0.708044767 0.011171479 0.706079185 122.313537598
0.713538289 -0.036622152 -0.699658513 -118.739807129 0.018106669 0.999263287 -0.033838462 -11.122163773 0.700382233 0.011476551 0.713675678 122.966285706
0.720707417 -0.035619874 -0.692323625 -119.368164062 0.017409323 0.999294102 -0.033290360 -11.174524307 0.693020701 0.011939730 0.720818818 123.616561890
0.728793263 -0.032715365 -0.683951735 -119.991561890 0.014662751 0.999374568 -0.032178853 -11.215473175 0.684576690 0.013423118 0.728817225 124.270309448
0.737686574 -0.030032907 -0.674475014 -120.592964172 0.014069536 0.999477029 -0.029116413 -11.263088226 0.674996734 0.011989237 0.737723291 124.923957825
0.747188151 -0.026140863 -0.664098263 -121.178039551 0.012099317 0.999595582 -0.025733881 -11.302740097 0.664502442 0.011192913 0.747202158 125.576705933
0.757143974 -0.023807112 -0.652814031 -121.754196167 0.010164619 0.999644041 -0.024666375 -11.345972061 0.653168917 0.012040392 0.757116437 126.239242554
0.767084837 -0.022838233 -0.641139030 -122.304939270 0.008567756 0.999641657 -0.025357772 -11.381401062 0.641488433 0.013958439 0.767005742 126.895530701
0.777005851 -0.024055645 -0.629033685 -122.851608276 0.008593174 0.999581814 -0.027611613 -11.413472176 0.629434884 0.016048990 0.776887536 127.562690735
0.787040234 -0.023120327 -0.616468310 -123.381294250 0.008260009 0.999602795 -0.026944103 -11.450176239 0.616846383 0.016114060 0.786918581 128.239059448
0.797211289 -0.021639509 -0.603312492 -123.898986816 0.007935162 0.999646664 -0.025369713 -11.485343933 0.603648245 0.015437636 0.797101438 128.921493530
0.807403028 -0.019390767 -0.589681566 -124.400291443 0.007713112 0.999721348 -0.022313349 -11.520522118 0.589949846 0.013467586 0.807327569 129.604797363
0.816956818 -0.017832570 -0.576423049 -124.894889832 0.007733401 0.999770701 -0.019969057 -11.551212311 0.576646984 0.011856146 0.816907406 130.300247192
0.826184034 -0.016413240 -0.563161194 -125.372612000 0.008279999 0.999821365 -0.016992472 -11.580924034 0.563339531 0.009375935 0.826172352 131.002609253
0.834390104 -0.015505178 -0.550955951 -125.843986511 0.008727726 0.999850571 -0.014920485 -11.608728409 0.551104963 0.007640912 0.834400833 131.704101562
0.841645658 -0.015990540 -0.539793432 -126.302993774 0.010354638 0.999855578 -0.013474219 -11.631451607 0.539930999 0.005751152 0.841689706 132.427307129
0.848250031 -0.015482207 -0.529369593 -126.746261597 0.010133880 0.999864101 -0.013004223 -11.655627251 0.529498935 0.005666267 0.848291695 133.139862061
0.854857326 -0.014979536 -0.518646777 -127.182693481 0.009585936 0.999868572 -0.013078189 -11.676136017 0.518774450 0.006208273 0.854888618 133.864944458
0.861640513 -0.012673906 -0.507360995 -127.627868652 0.007538615 0.999897480 -0.012174834 -11.699271202 0.507463157 0.006665533 0.861647606 134.601516724
0.867867887 -0.011829309 -0.496654123 -128.050308228 0.006936108 0.999907553 -0.011695438 -11.720607758 0.496746629 0.006705247 0.867869735 135.345916748
0.873862982 -0.012225120 -0.486018360 -128.473571777 0.007457405 0.999903321 -0.011742735 -11.743488312 0.486114919 0.006637108 0.873869777 136.096847534
0.878879249 -0.013638049 -0.476849258 -128.884140015 0.008507993 0.999880314 -0.012915862 -11.762512207 0.476968437 0.007294453 0.878890157 136.856872559
0.883167624 -0.014196005 -0.468842775 -129.286010742 0.009046412 0.999871433 -0.013234037 -11.782589912 0.468970388 0.007446527 0.883182466 137.627334595
0.886650085 -0.013208278 -0.462252259 -129.687957764 0.008371335 0.999886632 -0.012513373 -11.805009842 0.462365121 0.007225315 0.886660159 138.402069092
0.890090227 -0.011214172 -0.455646276 -130.113327026 0.007833390 0.999926031 -0.009307477 -11.823365211 0.455716968 0.004715241 0.890112221 139.190444946
0.893306673 -0.007316839 -0.449388057 -130.518310547 0.005495540 0.999970555 -0.005357109 -11.834899902 0.449414045 0.002315912 0.893320560 139.990127563
0.896488309 -0.004353121 -0.443045884 -130.917251587 0.003802454 0.999990523 -0.002131209 -11.859349251 0.443050921 0.000225942 0.896496415 140.797592163
0.899777532 -0.001556250 -0.436346114 -131.321990967 0.001709967 0.999998510 -0.000040468 -11.867837906 0.436345607 -0.000709725 0.899778903 141.623107910
0.903101981 0.000055635 -0.429426163 -131.725677490 0.000982777 0.999997020 0.002196380 -11.874540329 0.429425120 -0.002405586 0.903099358 142.460617065
0.906338573 0.001568612 -0.422549337 -132.130996704 0.000627515 0.999987125 0.005058185 -11.881174088 0.422551811 -0.004849585 0.906325817 143.319656372
0.909776866 0.001295175 -0.415095598 -132.527725220 0.001680149 0.999975383 0.006802538 -11.884094238 0.415094286 -0.006886216 0.909752369 144.189056396
0.913277209 0.000851534 -0.407337606 -132.928634644 0.002552950 0.999966204 0.007814293 -11.886991501 0.407330543 -0.008176529 0.913244188 145.086273193
0.916955292 0.000052057 -0.398990184 -133.324066162 0.003397658 0.999962747 0.007938929 -11.888215065 0.398975760 -0.008635276 0.916920841 145.989303589
0.920706153 -0.002784232 -0.390246809 -133.696441650 0.006103136 0.999954998 0.007264860 -11.885046005 0.390209019 -0.009070531 0.920681596 146.897567749
0.924713969 -0.003368953 -0.380647838 -134.087356567 0.006146507 0.999962568 0.006081564 -11.896170616 0.380613059 -0.007963361 0.924700081 147.841659546
0.929362595 -0.004283796 -0.369143546 -134.471572876 0.006251937 0.999971926 0.004135628 -11.901576042 0.369115412 -0.006151360 0.929363251 148.789718628
0.934566796 -0.002426450 -0.355779797 -134.842666626 0.003739802 0.999988496 0.003003744 -11.902413368 0.355768412 -0.004137745 0.934564948 149.755752563
0.940554857 0.001389329 -0.339639038 -135.218246460 0.000178429 0.999989569 0.004584681 -11.914764404 0.339641839 -0.004372745 0.940544665 150.745483398
0.947140872 0.004729459 -0.320783198 -135.567871094 -0.002446028 0.999968708 0.007520897 -11.916414261 0.320808768 -0.006338703 0.947122693 151.752441406
0.953517616 0.008071419 -0.301229149 -135.891372681 -0.005564761 0.999942362 0.009178580 -11.922998428 0.301285893 -0.007075669 0.953507602 152.763565063
0.960026801 0.009396387 -0.279750615 -136.208892822 -0.006902480 0.999927163 0.009898596 -11.920858383 0.279823273 -0.007571942 0.960021615 153.805908203
0.965989113 0.010872299 -0.258353859 -136.497436523 -0.008184951 0.999900758 0.011475132 -11.926212311 0.258452922 -0.008970240 0.965982199 154.849960327
0.971504092 0.011538975 -0.236741871 -136.763687134 -0.008465479 0.999866188 0.013994922 -11.919592857 0.236871764 -0.011591989 0.971471786 155.932250977
0.976566255 0.014259233 -0.214744598 -137.007659912 -0.010701634 0.999785721 0.017720228 -11.922005653 0.214951292 -0.015006858 0.976509452 157.008895874
0.981251538 0.016508356 -0.192023382 -137.235519409 -0.012567456 0.999685049 0.021723000 -11.910037041 0.192321464 -0.018902481 0.981149912 158.112976074
0.985352337 0.018788060 -0.169492230 -137.450973511 -0.014775288 0.999580562 0.024905659 -11.897628784 0.169889048 -0.022036552 0.985216796 159.247039795
0.988860250 0.020763978 -0.147391379 -137.626968384 -0.017312668 0.999545932 0.024660476 -11.882768631 0.147836491 -0.021834029 0.988770783 160.393676758
0.991908789 0.020031046 -0.125361755 -137.771408081 -0.017346555 0.999597073 0.022469144 -11.868536949 0.125761300 -0.020112749 0.991856694 161.540328979
0.994353771 0.020106308 -0.104193516 -137.916732788 -0.017951641 0.999606133 0.021576226 -11.853771210 0.104586273 -0.019583957 0.994322896 162.724395752
0.996309340 0.018508848 -0.083816320 -138.014541626 -0.016610969 0.999590814 0.023284428 -11.836648941 0.084212981 -0.021806225 0.996209145 163.919219971
0.997777402 0.019425396 -0.063740700 -138.109268188 -0.017865526 0.999528944 0.024951529 -11.823595047 0.064195380 -0.023757312 0.997654498 165.126892090
0.998853743 0.019886790 -0.043541390 -138.169586182 -0.018779587 0.999493480 0.025691880 -11.802822113 0.044030275 -0.024844740 0.998721182 166.350982666
0.999498546 0.021977870 -0.022801820 -138.217147827 -0.021375371 0.999424636 0.026338777 -11.788877487 0.023367571 -0.025838168 0.999392986 167.601608276
0.999744833 0.022492951 -0.002088588 -138.229858398 -0.022428932 0.999388874 0.026810978 -11.767711639 0.002690369 -0.026757292 0.999638259 168.844787598
0.999520123 0.024790011 0.018575260 -138.220611572 -0.025274673 0.999333799 0.026328083 -11.750297546 -0.017910210 -0.026784930 0.999480724 170.100601196
0.998902738 0.026257992 0.038779676 -138.190856934 -0.027233751 0.999320149 0.024851359 -11.729078293 -0.038100768 -0.025880206 0.998938859 171.392135620
0.997951746 0.026335871 0.058298726 -138.124633789 -0.027673678 0.999369144 0.022260165 -11.709315300 -0.057675704 -0.023827914 0.998050988 172.682525635
0.996614635 0.028375020 0.077162631 -138.034912109 -0.029973948 0.999357641 0.019642700 -11.697549820 -0.076555707 -0.021889070 0.996824980 173.980422974
0.994925857 0.028546030 0.096476063 -137.923904419 -0.030401900 0.999378860 0.017821431 -11.688462257 -0.095907398 -0.020664062 0.995175719 175.285766602
0.992922008 0.028572215 0.115280323 -137.780593872 -0.030461896 0.999428332 0.014663441 -11.680054665 -0.114795461 -0.018071312 0.993224740 176.599594116
0.990513146 0.029857084 0.134135216 -137.622100830 -0.031378150 0.999464869 0.009239621 -11.675656319 -0.133787602 -0.013360881 0.990919948 177.954254150
0.987867177 0.031837173 0.152002826 -137.433151245 -0.032604996 0.999465048 0.002560909 -11.682147026 -0.151839942 -0.007485888 0.988376737 179.282836914
0.984965146 0.033952851 0.169383690 -137.219116211 -0.033999112 0.999418318 -0.002628199 -11.693595886 -0.169374406 -0.003170210 0.985546649 180.625976562
0.981686354 0.036375955 0.186998919 -136.977706909 -0.035707343 0.999338150 -0.006943678 -11.710853577 -0.187127754 0.000139277 0.982335567 181.988357544
0.978069484 0.038417052 0.204705775 -136.713973999 -0.037206829 0.999259889 -0.009759222 -11.738304138 -0.204929247 0.001928743 0.978774846 183.343994141
0.974264920 0.037693974 0.222231880 -136.417663574 -0.036449254 0.999288380 -0.009701269 -11.764573097 -0.222439408 0.001351421 0.974945545 184.721557617
0.970264018 0.036969457 0.239208996 -136.094848633 -0.035517484 0.999315262 -0.010379225 -11.794466972 -0.239428908 0.001574486 0.970912635 186.083831787
0.965908706 0.036998291 0.256225348 -135.743621826 -0.034101799 0.999294400 -0.015739867 -11.828574181 -0.256626874 0.006465529 0.966488898 187.479690552
0.961397409 0.038305495 0.272484392 -135.367767334 -0.034077663 0.999214351 -0.020233171 -11.862710953 -0.273045301 0.010166488 0.961947441 188.855926514
0.956427991 0.040374666 0.289163053 -134.963348389 -0.036006890 0.999143004 -0.020410864 -11.905724525 -0.289739311 0.009109663 0.957062244 190.246429443
0.950895071 0.042459644 0.306587338 -134.531494141 -0.037763480 0.999061048 -0.021235919 -11.950105667 -0.307201147 0.008615322 0.951605618 191.637207031
0.944948137 0.046191722 0.323943287 -134.081695557 -0.040476639 0.998883426 -0.024361728 -11.997495651 -0.324706852 0.009908436 0.945762813 193.019226074
0.938803792 0.046889484 0.341246009 -133.600234985 -0.039537247 0.998812318 -0.028472327 -12.050577164 -0.342175782 0.013237997 0.939542711 194.398712158
0.932377696 0.047974840 0.358287811 -133.086090088 -0.039496418 0.998740315 -0.030949492 -12.107250214 -0.359321237 0.014705533 0.933098078 195.776596069
0.925427675 0.048610326 0.375793338 -132.545959473 -0.037715029 0.998628974 -0.036299601 -12.174620628 -0.377042621 0.019419596 0.925992310 197.163558960
0.917491019 0.051668644 0.394386202 -131.973846436 -0.037999827 0.998377979 -0.042395812 -12.246939659 -0.395936936 0.023911169 0.917966306 198.544616699
0.907902241 0.055426393 0.415501446 -131.368286133 -0.039888121 0.998145163 -0.045990389 -12.326341629 -0.417279840 0.025181204 0.908429086 199.917022705
0.896538794 0.058257863 0.439117521 -130.737182617 -0.041591477 0.998005390 -0.047489107 -12.413771629 -0.441008300 0.024312280 0.897173643 201.273101807
