1.000000000 0.000000000 0.000000000 0.000000000 0.000000000 1.000000000 0.000000000 0.000000000 0.000000000 0.000000000 1.000000000 0.000000000
0.999873579 0.001528978 0.015826350 0.010330663 -0.001514304 0.999998391 -0.000939133 -0.003394175 -0.015827762 0.000915049 0.999874294 0.126161158
0.999292016 0.004313150 0.037374210 0.027126774 -0.004301478 0.999990642 -0.000392702 -0.004935479 -0.037375554 0.000231659 0.999301255 0.272646576
0.997896194 0.006015877 0.064551972 0.056526143 -0.006090005 0.999980986 0.000951649 -0.004515296 -0.064545020 -0.001342768 0.997913897 0.436262608
0.995129406 0.005680319 0.098412789 0.102706678 -0.006025806 0.999976695 0.003213716 -0.004048143 -0.098392218 -0.003791080 0.995140493 0.607225776
0.990620792 0.002552024 0.136616230 0.162840098 -0.003293956 0.999980986 0.005204984 -0.005409691 -0.136600330 -0.005606174 0.990610480 0.790366769
0.984334707 -0.000219024 0.176310301 0.236233413 -0.000752578 0.999984920 0.005443859 -0.004861735 -0.176308841 -0.005491267 0.984319508 0.985574007
0.975553691 -0.000486317 0.219760701 0.320279419 -0.001004715 0.999977231 0.006672984 -0.001438465 -0.219758943 -0.006730652 0.975530982 1.191613317
0.963376403 -0.000326960 0.268152475 0.412502736 -0.002316830 0.999951839 0.009542794 0.001690648 -0.268142641 -0.009814566 0.963329256 1.407842875
0.948930979 -0.003962164 0.315458715 0.528730392 -0.001397945 0.999858499 0.016763385 -0.004359577 -0.315480471 -0.016348291 0.948791206 1.616328001
0.931923211 -0.013423111 0.362407207 0.669997692 0.004780010 0.999682605 0.024735294 -0.006806508 -0.362624168 -0.021319088 0.931691527 1.830020905
0.910570979 -0.018419875 0.412942261 0.825035810 0.007133602 0.999558032 0.028856548 -0.004065223 -0.413291246 -0.023330163 0.910300076 2.051024914
0.885026276 -0.019806955 0.465119660 0.993346930 0.005166942 0.999450862 0.032729641 0.000652552 -0.465512574 -0.026563343 0.884642541 2.283575058
0.856768966 -0.022029849 0.515229583 1.166138768 0.003187742 0.999294281 0.037426304 0.000473015 -0.515690446 -0.030423289 0.856234550 2.483742476
0.824221134 -0.026680399 0.565639198 1.374019742 0.003838725 0.999129653 0.041533947 0.008411624 -0.566254973 -0.032061823 0.823606312 2.705149651
0.788080275 -0.032341182 0.614722311 1.603663206 0.005879167 0.998968780 0.045019634 0.009892583 -0.615544438 -0.031865031 0.787457764 2.918783665
0.749616683 -0.036133673 0.660885096 1.849532127 0.006197526 0.998848021 0.047582068 0.018248409 -0.661843181 -0.031572461 0.748977125 3.133063793
0.709649920 -0.039212048 0.703462362 2.115525484 0.007202660 0.998801649 0.048408683 0.030939803 -0.704517543 -0.029286420 0.709082007 3.332960367
0.667273045 -0.041013621 0.743683219 2.423260927 0.006168026 0.998752773 0.049546253 0.046733141 -0.744787693 -0.028473822 0.666693747 3.557518005
0.624274254 -0.040656529 0.780146599 2.726448059 0.000737924 0.998675048 0.051454425 0.062882349 -0.781204939 -0.031545985 0.623477161 3.769579411
0.582421362 -0.041177932 0.811843455 3.078769684 -0.002284615 0.998629272 0.052290995 0.080343261 -0.812883914 -0.032310143 0.581528962 3.977920771
0.542129576 -0.042308901 0.839229107 3.453020811 -0.003842407 0.998596370 0.052825380 0.103570491 -0.840286136 -0.031862859 0.541206062 4.185908318
0.502964795 -0.044385031 0.863166511 3.860591650 -0.005681240 0.998489261 0.054653931 0.121653646 -0.864288211 -0.032392859 0.501952708 4.394930840
0.465769470 -0.043987699 0.883812070 4.292106628 -0.008829431 0.998483002 0.054348022 0.140426084 -0.884862065 -0.033117212 0.464674532 4.594389915
0.428905696 -0.043032788 0.902323663 4.756412506 -0.009969800 0.998578370 0.052362267 0.163983703 -0.903294325 -0.031454466 0.427866906 4.792103767
0.395451486 -0.041702185 0.917539656 5.245800495 -0.008600850 0.998756886 0.049100392 0.187894464 -0.918446541 -0.027308445 0.394601226 4.971138000
0.366202027 -0.039866451 0.929680943 5.759503841 -0.006422398 0.998949766 0.045366611 0.209974796 -0.930513203 -0.022584127 0.365561366 5.146262169
0.340987325 -0.038179379 0.939292312 6.310046196 -0.005235965 0.999082327 0.042510457 0.231485933 -0.940053284 -0.019413628 0.340474516 5.323169708
0.321043521 -0.037697591 0.946313798 6.878601551 -0.003840735 0.999147415 0.041105278 0.255795181 -0.947056651 -0.016831124 0.320625037 5.496747017
0.306428909 -0.038501795 0.951114535 7.484408379 -0.002954135 0.999138415 0.041397598 0.273842990 -0.951889038 -0.015495142 0.306051165 5.684090137
0.294486791 -0.039321993 0.954846144 8.119691849 -0.002143549 0.999123454 0.041806486 0.304209679 -0.955653131 -0.014358221 0.294144332 5.882383823
0.283476770 -0.041106679 0.958097637 8.775486946 -0.003358126 0.999032259 0.043856539 0.331678391 -0.958973169 -0.015649723 0.283064395 6.074743748
0.272937387 -0.042691167 0.961084068 9.455193520 -0.004477686 0.998947740 0.045644678 0.362271369 -0.962021351 -0.016761571 0.272458971 6.267940044
0.263017416 -0.044466745 0.963765740 10.150049210 -0.005349509 0.998854756 0.047545604 0.387523532 -0.964776218 -0.017660994 0.262478262 6.447448730
0.252762467 -0.046163090 0.966426373 10.887748718 -0.006802780 0.998751760 0.049486369 0.416771680 -0.967504442 -0.019082688 0.252132863 6.645748138
0.242507651 -0.047222298 0.968999624 11.632551193 -0.006854605 0.998706341 0.050385486 0.455034137 -0.970125258 -0.018860975 0.241870269 6.827973366
0.232092619 -0.048735447 0.971472025 12.386840820 -0.007094032 0.998632610 0.051792838 0.481950223 -0.972667813 -0.018912392 0.231429577 7.010264397
0.222239584 -0.051293835 0.973641872 13.169078827 -0.008578900 0.998473644 0.054560222 0.522022247 -0.974954307 -0.020478219 0.221460298 7.179012299
0.209954321 -0.054822233 0.976172924 13.967546463 -0.010306881 0.998247147 0.058278706 0.558446527 -0.977656782 -0.022297164 0.209021255 7.365953445
0.197983384 -0.058900896 0.978434026 14.766308784 -0.010881510 0.997999430 0.062280543 0.592485249 -0.980144978 -0.022977354 0.196946353 7.521500587
0.184807479 -0.060808606 0.980891705 15.562335968 -0.012085573 0.997867823 0.064138025 0.631527543 -0.982700408 -0.023707824 0.183678553 7.672727585
0.170628101 -0.061166123 0.983435214 16.372583389 -0.012293861 0.997861564 0.064196400 0.671198010 -0.985258758 -0.023043927 0.169511259 7.815594673
0.155855343 -0.060369484 0.985933363 17.165384293 -0.014806684 0.997875810 0.063441351 0.700107455 -0.987668872 -0.024486078 0.154630408 7.945153236
0.139138728 -0.059427671 0.988488019 18.008611679 -0.015265567 0.997950375 0.062145315 0.741432071 -0.990155220 -0.023736652 0.137946367 8.064843178
0.118712232 -0.057975497 0.991234720 18.830696106 -0.017880956 0.998007178 0.060513075 0.777539968 -0.992767751 -0.024907863 0.117438994 8.161760330
0.092474774 -0.056390300 0.994116962 19.655164719 -0.022586841 0.998019278 0.058712739 0.816169679 -0.995458841 -0.027883410 0.091017939 8.247190475
0.062871359 -0.055645846 0.996469140 20.495403290 -0.026623040 0.997995675 0.057410847 0.850547373 -0.997666419 -0.030138537 0.061263919 8.287086487
0.029620744 -0.055311602 0.998029709 21.344648361 -0.028430063 0.998017251 0.056154702 0.885920465 -0.999156833 -0.030037386 0.027989507 8.307739258
-0.005299577 -0.055015530 0.998471439 22.189472198 -0.030996410 0.998014629 0.054825850 0.912547469 -0.999505460 -0.030658474 -0.006994341 8.304934502
-0.039981578 -0.053312264 0.997777104 23.040567398 -0.032207794 0.998125434 0.052040298 0.948650837 -0.998681247 -0.030055551 -0.041623708 8.271457672
-0.072219037 -0.051694375 0.996048272 23.882005692 -0.033889696 0.998206437 0.049349196 0.970973969 -0.996812880 -0.030191820 -0.073841423 8.196030617
-0.104722880 -0.049112279 0.993288040 24.716791153 -0.036581371 0.998294175 0.045503013 0.992325604 -0.993828356 -0.031570632 -0.106340833 8.107295036
-0.136870995 -0.044719301 0.989578962 25.559646606 -0.033306204 0.998623431 0.040521365 1.009616852 -0.990028799 -0.027412916 -0.138172045 7.981236458
-0.168485165 -0.038755104 0.984941900 26.398424149 -0.028208459 0.999007046 0.034483165 1.028761387 -0.985300481 -0.021973792 -0.169411093 7.820892334
-0.198802188 -0.032434903 0.979502738 27.225275040 -0.021302527 0.999359012 0.028768804 1.038474083 -0.979808092 -0.015146582 -0.199365720 7.633767605
-0.227542683 -0.026483266 0.973407924 28.038845062 -0.015104714 0.999605834 0.023665169 1.043853760 -0.973650932 -0.009318212 -0.227853045 7.428196907
-0.255315244 -0.020208489 0.966646671 28.855514526 -0.006529705 0.999794781 0.019176820 1.047195911 -0.966835856 -0.001415785 -0.255394787 7.191307068
-0.281007737 -0.009879280 0.959654629 29.650951385 0.000310774 0.999945998 0.010385066 1.036814809 -0.959705353 0.003216519 -0.280989528 6.934868336
-0.306598097 0.005886924 0.951820791 30.443191528 0.004939388 0.999977231 -0.004593703 1.024630785 -0.951826215 0.003292991 -0.306620210 6.666802406
-0.331180304 0.022730073 0.943293691 31.219295502 0.005092587 0.999738216 -0.022302240 1.001572967 -0.943553746 -0.002582258 -0.331209451 6.386747360
-0.356412858 0.037680943 0.933568478 31.987720490 0.005567745 0.999254346 -0.038206555 0.969217420 -0.934311926 -0.008419436 -0.356356978 6.086837769
-0.380681694 0.047966026 0.923461258 32.750064850 0.009600638 0.998804927 -0.047921792 0.923099041 -0.924656272 -0.009377132 -0.380687267 5.757802010
-0.404012114 0.052542634 0.913243413 33.500198364 0.012260390 0.998570502 -0.052027933 0.878458977 -0.914671481 -0.009823198 -0.404078722 5.425279617
-0.426696271 0.052088588 0.902893722 34.252990723 0.016237168 0.998620331 -0.049937636 0.819546580 -0.904249251 -0.006647768 -0.426953316 5.058960915
-0.446879536 0.047844704 0.893313825 34.989833832 0.019441755 0.998852432 -0.043771487 0.766651511 -0.894382954 -0.002192993 -0.447296917 4.675385475
-0.464387745 0.046256736 0.884423196 35.704135895 0.026867950 0.998911262 -0.038136978 0.714284539 -0.885224342 0.006052291 -0.465124905 4.281863213
-0.478033096 0.046507172 0.877109706 36.409435272 0.029341703 0.998885393 -0.036972601 0.665711164 -0.877851605 0.008061763 -0.478864938 3.887920380
-0.488895357 0.050995711 0.870850623 37.105255127 0.033402644 0.998652041 -0.039727341 0.619745970 -0.871702671 0.009666199 -0.489939779 3.484660149
-0.498820096 0.053336829 0.865062773 37.792778015 0.033940826 0.998541176 -0.041995388 0.574153185 -0.866040647 0.008412801 -0.499902785 3.083638191
-0.509442627 0.052779824 0.858884454 38.491401672 0.028391482 0.998604655 -0.044525612 0.520466566 -0.860036135 0.001701760 -0.510230303 2.674552917
-0.520633042 0.051358905 0.852234483 39.177307129 0.027948240 0.998679280 -0.043110553 0.471617699 -0.853322983 0.001373671 -0.521380842 2.260770798
-0.529191911 0.052663233 0.846866250 39.847255707 0.030129548 0.998609006 -0.043272071 0.425395131 -0.847967088 0.002616469 -0.530042470 1.836263657
-0.536538243 0.055511635 0.842048228 40.538162231 0.032270301 0.998453796 -0.045260545 0.384534717 -0.843258798 0.002889139 -0.537500024 1.395795822
-0.540130794 0.058524471 0.839543700 41.232780457 0.034042206 0.998282075 -0.047688615 0.336004853 -0.840892375 0.002821833 -0.541195035 0.950403214
-0.540096045 0.060323138 0.839438736 41.935169220 0.032935519 0.998178780 -0.050539635 0.291005373 -0.840958714 0.000351096 -0.541099191 0.509899139
-0.536824286 0.060788292 0.841501296 42.644084930 0.035190642 0.998146296 -0.049654610 0.241430521 -0.842959881 0.002957168 -0.537968278 0.058029175
-0.530775607 0.059500244 0.845421195 43.387107849 0.033165626 0.998226643 -0.049432419 0.185723901 -0.846863210 0.001801397 -0.531807780 -0.412019730
-0.523631573 0.058356315 0.849943876 44.147117615 0.031123256 0.998295546 -0.049367659 0.136974216 -0.851376116 0.000602559 -0.524555504 -0.874280930
-0.516472697 0.057800721 0.854350626 44.922454834 0.029340934 0.998327792 -0.049804237 0.082174540 -0.855800807 -0.000655086 -0.517305076 -1.334083557
-0.510004461 0.056630008 0.858305454 45.702804565 0.027336465 0.998393536 -0.049629539 0.025638461 -0.859737217 -0.001848255 -0.510733366 -1.798069000
-0.506108701 0.054226607 0.860763311 46.508220673 0.022781448 0.998513758 -0.049509700 -0.028550386 -0.862168849 -0.005447856 -0.506591797 -2.253421783
-0.504521728 0.051272549 0.861875236 47.332397461 0.018073281 0.998643637 -0.048829149 -0.082934618 -0.863209903 -0.009058452 -0.504763961 -2.726741791
-0.505174458 0.048784081 0.861637294 48.163715363 0.015746970 0.998755813 -0.047315065 -0.146455050 -0.862873554 -0.010334183 -0.505314171 -3.198764801
-0.506098270 0.047709145 0.861155212 49.007522583 0.014868460 0.998803079 -0.046596866 -0.204837203 -0.862347603 -0.010778544 -0.506201923 -3.688919067
-0.506495297 0.046904478 0.860966027 49.868740082 0.014244858 0.998838186 -0.046035543 -0.259085655 -0.862125039 -0.011052449 -0.506575048 -4.189821243
-0.506881952 0.046373863 0.860767186 50.735305786 0.014106344 0.998864412 -0.045507021 -0.315367937 -0.861900032 -0.010924408 -0.506960571 -4.692571640
-0.506910682 0.045430854 0.860800564 51.614559174 0.014184240 0.998914599 -0.044367295 -0.372894168 -0.861881852 -0.010280457 -0.507004917 -5.207118988
-0.506827295 0.045255806 0.860858858 52.501373291 0.014284846 0.998924792 -0.044103861 -0.432970047 -0.861929238 -0.010055804 -0.506928861 -5.727254868
-0.507135272 0.043666903 0.860759497 53.395851135 0.011969176 0.998976111 -0.043626834 -0.488925576 -0.861783326 -0.011822120 -0.507138789 -6.246438980
-0.507224381 0.042936638 0.860743761 54.277610779 0.011319398 0.999003887 -0.043163121 -0.550561786 -0.861739695 -0.012150289 -0.507205188 -6.757764816
-0.506540120 0.041876260 0.861198843 55.170368195 0.010341833 0.999043047 -0.042496156 -0.616455674 -0.862154365 -0.012619630 -0.506488442 -7.276414871
-0.505376816 0.040569387 0.861944556 56.048469543 0.009953786 0.999101818 -0.041188892 -0.672761679 -0.862841368 -0.012236296 -0.505326688 -7.788270950
-0.503302634 0.038431998 0.863255084 56.934719086 0.010028307 0.999202967 -0.038637578 -0.732711911 -0.864052117 -0.010789407 -0.503286898 -8.301298141
-0.500935674 0.036958117 0.864695072 57.818572998 0.010494198 0.999273777 -0.036630668 -0.794387817 -0.865420878 -0.009275329 -0.500959694 -8.807727814
-0.498457253 0.036775451 0.866133869 58.705459595 0.010794023 0.999285698 -0.036217052 -0.848955512 -0.866846979 -0.008703587 -0.498498142 -9.314298630
-0.496561706 0.036772437 0.867222190 59.591205597 0.010853190 0.999287248 -0.036157910 -0.908229113 -0.867933512 -0.008542505 -0.496606857 -9.814622879
-0.495439261 0.037484691 0.867833376 60.474452972 0.010592007 0.999254882 -0.037114337 -0.960587740 -0.868578017 -0.009195803 -0.495467186 -10.319850922
-0.496303409 0.038916886 0.867276371 61.351696014 0.010337755 0.999188721 -0.038920291 -1.018807650 -0.868087590 -0.010350584 -0.496303111 -10.816427231
-0.499445349 0.040562063 0.865395248 62.221801758 0.008694063 0.999087632 -0.041810773 -1.078038931 -0.866301835 -0.013358394 -0.499342293 -11.307394028
-0.503782868 0.041084938 0.862852752 63.096233368 0.007453911 0.999037862 -0.043217413 -1.137417555 -0.863798141 -0.015340561 -0.503604412 -11.817245483
-0.509428859 0.039607704 0.859600782 63.958343506 0.009120191 0.999132514 -0.040631957 -1.198274016 -0.860464454 -0.012859366 -0.509348214 -12.322557449
-0.514517486 0.037156232 0.856674492 64.815078735 0.010116232 0.999254286 -0.037264492 -1.257503033 -0.857420266 -0.010506915 -0.514509618 -12.842117310
-0.520158648 0.034746230 0.853362501 65.677520752 0.007067567 0.999312937 -0.036380898 -1.313961267 -0.854040444 -0.012892644 -0.520046771 -13.349967957
-0.525311291 0.038113672 0.850056171 66.525909424 0.009813611 0.999201238 -0.038736302 -1.371232510 -0.850853562 -0.012006497 -0.525265694 -13.869354248
-0.530391276 0.040015012 0.846808076 67.371353149 0.009773780 0.999107778 -0.041090045 -1.419903636 -0.847696602 -0.013517284 -0.530309081 -14.391061783
-0.535200417 0.041070998 0.843726039 68.196197510 0.008634191 0.999031126 -0.043154035 -1.476325989 -0.844680905 -0.015811168 -0.535036504 -14.904949188
-0.538542211 0.041070029 0.841597140 69.000953674 0.007766534 0.999010921 -0.043781999 -1.538076639 -0.842562735 -0.017042160 -0.538328409 -15.425058365
-0.541939914 0.040910482 0.839420855 69.819114685 0.009135654 0.999042153 -0.042791795 -1.592833638 -0.840367436 -0.015521931 -0.541794717 -15.948156357
-0.544018030 0.033749338 0.838394523 70.637306213 0.009552063 0.999375105 -0.034031428 -1.642994881 -0.839019060 -0.010505313 -0.544000506 -16.477952957
-0.546523452 0.024404822 0.837088048 71.461585999 0.007980986 0.999681652 -0.023934465 -1.698659301 -0.837405741 -0.006399959 -0.546544194 -17.011932373
-0.548380494 0.023099560 0.835909843 72.276062012 0.009068457 0.999723852 -0.021677244 -1.740123272 -0.836179674 -0.004306966 -0.548438549 -17.539300919
-0.549236417 0.027612276 0.835210681 73.067436218 0.009516704 0.999595821 -0.026788682 -1.786382079 -0.835612893 -0.006764869 -0.549277306 -18.057352066
-0.551135302 0.033653080 0.833736956 73.874420166 0.010506318 0.999387026 -0.033394285 -1.828834414 -0.834349751 -0.009645266 -0.551150978 -18.572301865
-0.550677299 0.037860010 0.833859205 74.645149231 0.016662961 0.999270320 -0.034366086 -1.873349667 -0.834551930 -0.005030056 -0.550906360 -19.106060028
-0.550447762 0.039451264 0.833936989 75.435134888 0.020361779 0.999220073 -0.033830363 -1.923349857 -0.834621370 -0.001641406 -0.550821662 -19.638620377
-0.550071478 0.036009215 0.834340870 76.236381531 0.018435162 0.999350131 -0.030976728 -1.963712335 -0.834914148 -0.001658208 -0.550377846 -20.158807755
-0.549595535 0.031294439 0.834844589 77.028305054 0.016973970 0.999510169 -0.026292671 -2.002152443 -0.835258424 -0.000279711 -0.549857497 -20.675832748
-0.549542487 0.023852434 0.835125148 77.814033508 0.013757245 0.999715149 -0.019500606 -2.049851418 -0.835352600 0.000772610 -0.549714029 -21.162567139
-0.548950851 0.018620685 0.835647106 78.629959106 0.005464043 0.999810517 -0.018689303 -2.081355810 -0.835836768 -0.005693496 -0.548948467 -21.684656143
-0.547255456 0.013515647 0.836856484 79.426139832 -0.002451791 0.999839485 -0.017751228 -2.106296539 -0.836962104 -0.011766256 -0.547134399 -22.187498093
-0.545019746 0.014621605 0.838295639 80.208122253 0.001136156 0.999859810 -0.016700940 -2.139464617 -0.838422418 -0.008149909 -0.544960022 -22.703145981
-0.542301893 0.017456761 0.840002179 80.991302490 0.005686149 0.999837458 -0.017107466 -2.185244322 -0.840164483 -0.004501035 -0.542313099 -23.198547363
-0.537387490 0.020137548 0.843094885 81.800010681 0.007191156 0.999787986 -0.019296570 -2.215029716 -0.843304813 -0.004306909 -0.537418365 -23.705017090
-0.528449237 0.023662582 0.848635077 82.586265564 0.014026427 0.999718428 -0.019140929 -2.244430542 -0.848848999 0.001788308 -0.528632343 -24.222854614
-0.520085454 0.027095726 0.853684306 83.377235413 0.021658584 0.999593735 -0.018531905 -2.282842875 -0.853839517 0.008851419 -0.520460963 -24.717178345
-0.510360062 0.026039854 0.859566450 84.181175232 0.018645387 0.999641538 -0.019212775 -2.311761856 -0.859758615 0.006221518 -0.510662615 -25.188238144
-0.499584556 0.023854526 0.865936637 85.001716614 0.015581384 0.999706507 -0.018550208 -2.335063934 -0.866125047 0.004225094 -0.499809533 -25.647468567
-0.489041686 0.020218384 0.872025967 85.799903870 0.016380493 0.999767840 -0.013993787 -2.377042770 -0.872106612 0.007440670 -0.489259392 -26.077362061
-0.477549076 0.019433228 0.878390014 86.618270874 0.015969954 0.999782205 -0.013436578 -2.408269167 -0.878459930 0.007611228 -0.477755368 -26.522480011
-0.466471940 0.018617814 0.884339988 87.440612793 0.015994363 0.999792576 -0.012611700 -2.433367252 -0.884391487 0.008261451 -0.466672987 -26.938217163
-0.454428077 0.019458430 0.890570819 88.255912781 0.017571980 0.999762654 -0.012877821 -2.465701580 -0.890610158 0.009797051 -0.454662174 -27.351709366
-0.442303836 0.023335963 0.896561563 89.088272095 0.016385222 0.999704778 -0.017937224 -2.495285749 -0.896715581 0.006756654 -0.442555636 -27.762302399
-0.431241512 0.032529928 0.901649952 89.910568237 0.019026097 0.999455512 -0.026958771 -2.528771877 -0.902036011 0.005529138 -0.431625575 -28.147083282
-0.417817891 0.037313987 0.907764256 90.745758057 0.018219164 0.999299467 -0.032690823 -2.559951305 -0.908348083 0.002879898 -0.418205023 -28.536430359
-0.406704187 0.033372741 0.912950218 91.595581055 0.015769595 0.999440074 -0.029509278 -2.603708029 -0.913423777 0.002395305 -0.407002747 -28.910804749
-0.395228088 0.029359354 0.918113708 92.437423706 0.013446960 0.999566913 -0.026175426 -2.643992186 -0.918484569 0.002000573 -0.395451844 -29.261352539
-0.385557860 0.030120553 0.922191918 93.276519775 0.010800967 0.999545932 -0.028131319 -2.688048840 -0.922620475 -0.000885689 -0.385708064 -29.601213455
-0.378898412 0.034435358 0.924797475 94.122703552 0.005909478 0.999377131 -0.034791205 -2.734856844 -0.925419450 -0.007717261 -0.378865927 -29.933807373
-0.373999327 0.038807388 0.926616788 94.947380066 -0.001056839 0.999105692 -0.042269833 -2.778180599 -0.927428365 -0.016788175 -0.373623848 -30.250368118
-0.370920271 0.041067727 0.927756190 95.785545349 -0.003221304 0.998958766 -0.045507442 -2.828041077 -0.928659141 -0.019868217 -0.370401740 -30.569183350
-0.366858929 0.040668555 0.929387212 96.626281738 -0.003820018 0.998969674 -0.045221262 -2.887300491 -0.930268705 -0.020140100 -0.366325647 -30.897304535
-0.362264484 0.040388294 0.931199908 97.458602905 -0.006758959 0.998920619 -0.045954943 -2.938132524 -0.932050824 -0.022941787 -0.361600429 -31.212038040
-0.356209099 0.036350086 0.933699012 98.305030823 -0.008599884 0.999073148 -0.042176072 -2.991932869 -0.934366763 -0.023053201 -0.355566323 -31.529857635
-0.351030022 0.032102361 0.935813725 99.154670715 -0.009450010 0.999239802 -0.037822906 -3.046423435 -0.936316431 -0.022120429 -0.350459814 -31.841384888
-0.345393062 0.029053498 0.938008249 99.995979309 -0.011794061 0.999307334 -0.035294954 -3.095386028 -0.938383996 -0.023253554 -0.344811082 -32.140918732
-0.339435965 0.026904710 0.940244317 100.859977722 -0.019335158 0.999180138 -0.035571285 -3.150869608 -0.940430403 -0.030253945 -0.338637441 -32.436992645
-0.333427429 0.027466565 0.942375600 101.700286865 -0.027042652 0.998885572 -0.038681731 -3.191525459 -0.942387760 -0.038381878 -0.332313091 -32.714000702
-0.326674461 0.031451911 0.944613457 102.542854309 -0.024954272 0.998810709 -0.041886367 -3.243979931 -0.944807470 -0.037255351 -0.325501084 -32.999526978
-0.319723368 0.034652859 0.946877003 103.393524170 -0.023553990 0.998731494 -0.044503838 -3.293245792 -0.947218180 -0.036531646 -0.318501592 -33.282905579
-0.312856048 0.033212211 0.949219704 104.252563477 -0.024843069 0.998760402 -0.043133695 -3.340981960 -0.949475586 -0.037076168 -0.311643153 -33.563865662
-0.306338340 0.028284457 0.951502383 105.107162476 -0.025207508 0.998966932 -0.037811004 -3.392831326 -0.951588869 -0.035567969 -0.305308908 -33.826454163
-0.298768491 0.025500676 0.953984857 105.969902039 -0.026205089 0.999046743 -0.034912106 -3.444734573 -0.953965724 -0.035429891 -0.297815472 -34.096866608
-0.292951792 0.028572986 0.955700099 106.823730469 -0.028766582 0.998837471 -0.038680531 -3.488857746 -0.955694377 -0.038823757 -0.291789234 -34.345481873
-0.286421031 0.031412978 0.957588732 107.680976868 -0.028113240 0.998756468 -0.041172311 -3.538984299 -0.957691252 -0.038713541 -0.285181791 -34.594234467
-0.279732257 0.031949073 0.959546328 108.535690308 -0.030091571 0.998663366 -0.042023979 -3.587542534 -0.959606290 -0.040629730 -0.278396934 -34.831901550
-0.272784710 0.031525072 0.961558461 109.399208069 -0.030061342 0.998695612 -0.041270733 -3.639065981 -0.961605370 -0.040163767 -0.271481156 -35.072746277
-0.264349222 0.031300038 0.963918984 110.257720947 -0.026374325 0.998864770 -0.039667793 -3.689973831 -0.964066327 -0.035908870 -0.263223529 -35.311386108
-0.256505936 0.032680787 0.965990067 111.117324829 -0.023466580 0.998923004 -0.040026199 -3.739300013 -0.966257691 -0.032935444 -0.255462766 -35.540603638
-0.250086397 0.033098742 0.967657566 111.971588135 -0.021942755 0.998965085 -0.039840609 -3.788937569 -0.967974782 -0.031196672 -0.249101311 -35.755054474
-0.243565708 0.032005075 0.969356179 112.839408875 -0.028034564 0.998805404 -0.040021509 -3.836077213 -0.969479084 -0.036923345 -0.242377505 -35.955150604
-0.237645790 0.029919475 0.970890999 113.702217102 -0.032930031 0.998702824 -0.038836848 -3.886237383 -0.970793545 -0.041200880 -0.236352265 -36.153732300
-0.233269408 0.030070253 0.971947074 114.578544617 -0.030309491 0.998811185 -0.038175724 -3.934324741 -0.971939683 -0.038364455 -0.232080698 -36.357666016
-0.228771582 0.030080553 0.973015249 115.449478149 -0.028781941 0.998876393 -0.037647143 -3.986618519 -0.973054647 -0.036617871 -0.227648750 -36.553863525
-0.223792478 0.031808805 0.974117637 116.313140869 -0.027531404 0.998862147 -0.038941838 -4.033690929 -0.974247873 -0.035533708 -0.222662061 -36.752750397
-0.217479229 0.031075705 0.975570142 117.180374146 -0.021393264 0.999101162 -0.036594354 -4.077609062 -0.975830436 -0.028829141 -0.216618955 -36.953308105
-0.212036863 0.029836779 0.976806164 118.044105530 -0.014514902 0.999327481 -0.033675473 -4.122640133 -0.977153897 -0.021318689 -0.211461186 -37.147193909
-0.207051307 0.029305497 0.977891088 118.907508850 -0.012448645 0.999391437 -0.032585599 -4.165755749 -0.978250921 -0.018920317 -0.206560478 -37.332069397
-0.203444391 0.030438421 0.978613257 119.796325684 -0.014625059 0.999310553 -0.034122590 -4.214601994 -0.978977263 -0.021254329 -0.202858984 -37.507606506
-0.199793637 0.032671139 0.979293287 120.663360596 -0.016283154 0.999195218 -0.036657162 -4.251133442 -0.979702711 -0.023269853 -0.199100852 -37.678543091
-0.197510540 0.031611592 0.979791045 121.538208008 -0.018857460 0.999172509 -0.036038276 -4.304106712 -0.980119407 -0.025594309 -0.196751013 -37.851119995
-0.196730509 0.030458627 0.979984403 122.417350769 -0.019256134 0.999204516 -0.034921646 -4.347998142 -0.980268538 -0.025740862 -0.195987523 -38.019325256
-0.196140543 0.026047081 0.980229795 123.291336060 -0.018036252 0.999382138 -0.030165000 -4.387035370 -0.980409861 -0.023596250 -0.195549592 -38.187961578
-0.195202515 0.021104671 0.980535924 124.164001465 -0.019570455 0.999485612 -0.025408573 -4.427596092 -0.980567753 -0.024149349 -0.194689095 -38.355617523
-0.194095343 0.019105522 0.980796576 125.022712708 -0.018648755 0.999557674 -0.023161486 -4.468497753 -0.980805457 -0.022786168 -0.193653181 -38.524948120
-0.192755580 0.024106368 0.980950654 125.883071899 -0.018184455 0.999438763 -0.028133931 -4.504834652 -0.981078267 -0.023261024 -0.192209065 -38.691951752
-0.192787662 0.027933247 0.980842829 126.736083984 -0.018209925 0.999320686 -0.032038692 -4.541177750 -0.981071532 -0.024037737 -0.192148030 -38.853706360
-0.192639634 0.026852852 0.980902076 127.588867188 -0.021792583 0.999261916 -0.031635318 -4.581224918 -0.981027484 -0.027470604 -0.191912249 -39.014167786
-0.192452163 0.025812473 0.980966866 128.430984497 -0.023287162 0.999252319 -0.030862249 -4.628787994 -0.981029928 -0.028783437 -0.191707194 -39.166580200
-0.191525042 0.026464455 0.981130898 129.275833130 -0.018409425 0.999363661 -0.030549938 -4.674766541 -0.981315076 -0.023913132 -0.190915972 -39.339992523
-0.190070525 0.028922243 0.981344342 130.109558105 -0.020385439 0.999234200 -0.033397827 -4.713676453 -0.981558800 -0.026353076 -0.189335376 -39.504962921
-0.190927312 0.029947301 0.981147230 130.946990967 -0.028192632 0.998954892 -0.035977013 -4.757651329 -0.981199324 -0.034530114 -0.189883456 -39.646778107
-0.190351710 0.030952645 0.981227875 131.779067993 -0.034675840 0.998667181 -0.038229648 -4.806677341 -0.981103361 -0.041301981 -0.189024687 -39.792297363
-0.189849868 0.034738451 0.981198311 132.602905273 -0.031335317 0.998650372 -0.041419324 -4.852101326 -0.981312931 -0.038609616 -0.188505098 -39.949127197
-0.189698726 0.035595480 0.981196880 133.432479858 -0.030276861 0.998655260 -0.042082369 -4.902184010 -0.981375396 -0.037690535 -0.188365951 -40.104248047
-0.187879562 0.036721583 0.981505394 134.252380371 -0.031391930 0.998565793 -0.043368910 -4.948530197 -0.981690288 -0.038959477 -0.186457381 -40.255363464
-0.185868606 0.036400933 0.981900096 135.082763672 -0.022151938 0.998904288 -0.041224565 -4.996056557 -0.982324898 -0.029413342 -0.184858561 -40.418960571
-0.182149142 0.033229552 0.982709229 135.902114868 -0.015652690 0.999204159 -0.036688603 -5.045565128 -0.983146310 -0.022064842 -0.181484058 -40.580696106
-0.180253610 0.028131910 0.983217776 136.717346191 -0.012411062 0.999446273 -0.030871566 -5.092390060 -0.983541846 -0.017767487 -0.179804653 -40.730865479
-0.176435158 0.027915942 0.983916342 137.529403687 -0.010111813 0.999493599 -0.030171150 -5.133605480 -0.984260321 -0.015272429 -0.176063523 -40.878829956
-0.171214744 0.032742519 0.984689534 138.329650879 -0.008676805 0.999358773 -0.034738984 -5.180114746 -0.985195577 -0.014491784 -0.170820862 -41.020946503
-0.164717227 0.036045905 0.985681951 139.123641968 -0.007580440 0.999256194 -0.037809081 -5.221332073 -0.986311674 -0.013699711 -0.164321467 -41.148902893
-0.156667113 0.037131872 0.986953199 139.922119141 -0.007537576 0.999219060 -0.038789850 -5.256717682 -0.987622678 -0.013516327 -0.156264871 -41.268798828
-0.147221282 0.032592066 0.988566458 140.722671509 -0.006055166 0.999408543 -0.033851270 -5.298108101 -0.989084959 -0.010969562 -0.146936864 -41.383544922
-0.135382101 0.031186357 0.990302503 141.515563965 -0.002549031 0.999490261 -0.031824164 -5.340762138 -0.990790129 -0.006832734 -0.135233581 -41.490470886
-0.121456921 0.034007013 0.992013991 142.304840088 0.001629624 0.999418437 -0.034061320 -5.378448486 -0.992595494 -0.002520373 -0.121441707 -41.588218689
-0.107444108 0.035043132 0.993593335 143.091537476 0.001077129 0.999382198 -0.035130821 -5.417504311 -0.994210482 -0.002704371 -0.107415482 -41.667369843
-0.093295664 0.035091624 0.995019853 143.880096436 0.002391102 0.999383628 -0.035021331 -5.458241463 -0.995635569 -0.000888145 -0.093322076 -41.739364624
-0.079866275 0.036674961 0.996130764 144.660919189 0.003317919 0.999327183 -0.036526624 -5.501717091 -0.996800065 0.000387835 -0.079934217 -41.796531677
-0.066328257 0.042845596 0.996877551 145.428787231 0.000398607 0.999078691 -0.042913679 -5.552598476 -0.997797787 -0.002449028 -0.066284232 -41.835884094
-0.053736910 0.052253317 0.997187018 146.193328857 -0.006684818 0.998588622 -0.052687000 -5.596940994 -0.998532712 -0.009497252 -0.053311769 -41.860252380
-0.040006425 0.060001113 0.997396290 146.954299927 -0.011129124 0.998106718 -0.060490251 -5.646828175 -0.999137461 -0.013520149 -0.039262932 -41.876365662
-0.026847795 0.060450945 0.997810066 147.718887329 -0.011396761 0.998086452 -0.060774341 -5.699751854 -0.999574542 -0.013003460 -0.026107477 -41.889266968
-0.014768261 0.056601852 0.998287618 148.487396240 -0.014769144 0.998275161 -0.056819640 -5.756190300 -0.999781907 -0.015582981 -0.013906829 -41.889434814
-0.004183125 0.054205805 0.998521149 149.255661011 -0.018543098 0.998353839 -0.054274421 -5.816341400 -0.999819338 -0.018742710 -0.003171096 -41.880458832
0.004604201 0.060871482 0.998135090 150.004760742 -0.022327099 0.997902930 -0.060754348 -5.873255253 -0.999740183 -0.022005735 0.005953630 -41.862068176
0.011324860 0.068437874 0.997591078 150.755325317 -0.025558449 0.997348964 -0.068131119 -5.932429790 -0.999609172 -0.024725303 0.013044004 -41.844482422
0.014376441 0.071333520 0.997348845 151.505172729 -0.028190346 0.997084379 -0.070908256 -5.986170292 -0.999499202 -0.027096204 0.016345441 -41.825000763
0.014634247 0.066961512 0.997648180 152.266738892 -0.030397508 0.997323692 -0.066493832 -6.044840336 -0.999430895 -0.029352933 0.016630542 -41.810890198
0.012833559 0.062710159 0.997949243 153.020889282 -0.032042429 0.997544706 -0.062272668 -6.110479355 -0.999404132 -0.031177545 0.014811436 -41.795463562
0.009663513 0.059635721 0.998173416 153.773620605 -0.030601656 0.997770131 -0.059315369 -6.166206360 -0.999484956 -0.029972574 0.011466917 -41.784259796
0.006948424 0.059899852 0.998180151 154.518508911 -0.028823849 0.997801542 -0.059676480 -6.218943596 -0.999560356 -0.028356740 0.008659692 -41.780220032
0.003174387 0.059662931 0.998213530 155.261199951 -0.027531806 0.997845411 -0.059553377 -6.277369976 -0.999615908 -0.027293578 0.004810175 -41.775756836
-0.001095635 0.058614802 0.998280048 156.002716064 -0.027103780 0.997912169 -0.058622945 -6.334528923 -0.999631941 -0.027121395 0.000495335 -41.773498535
-0.006212825 0.058938600 0.998242319 156.743041992 -0.027846942 0.997864246 -0.059089590 -6.383881569 -0.999592900 -0.028165106 -0.004558296 -41.777061462
-0.012582454 0.057255562 0.998280287 157.478591919 -0.029265936 0.997910440 -0.057603233 -6.435658455 -0.999492407 -0.029940393 -0.010880524 -41.775096893
-0.017777089 0.054389466 0.998361528 158.229980469 -0.026594812 0.998140335 -0.054850969 -6.497418404 -0.999488235 -0.027526328 -0.016297551 -41.801914215
-0.023094807 0.054176342 0.998264253 158.962417603 -0.027173182 0.998127639 -0.054797586 -6.548311234 -0.999363959 -0.028391555 -0.021579426 -41.816341400
-0.028944274 0.055918928 0.998015702 159.682723999 -0.029470753 0.997952282 -0.056770079 -6.595189095 -0.999146521 -0.031055441 -0.027237030 -41.823925018
-0.032719500 0.057889163 0.997786641 160.416198730 -0.029402817 0.997833431 -0.058856051 -6.654592037 -0.999032080 -0.031263478 -0.030946508 -41.846473694
-0.035001431 0.060079396 0.997579694 161.129699707 -0.028265180 0.997732699 -0.061080314 -6.709679604 -0.998987496 -0.030334674 -0.033223916 -41.871143341
-0.036606669 0.061674178 0.997424781 161.839401245 -0.025436006 0.997712910 -0.062625527 -6.759126663 -0.999005914 -0.027663015 -0.034954205 -41.896537781
-0.035699341 0.060053982 0.997556508 162.559265137 -0.022462033 0.997892559 -0.060878038 -6.813045979 -0.999110103 -0.024580458 -0.034275170 -41.925083160
-0.030883979 0.056660399 0.997915685 163.285186768 -0.019680789 0.998163998 -0.057283584 -6.868176460 -0.999329209 -0.021408916 -0.029712154 -41.956134796
-0.023852102 0.055989880 0.998146355 163.994583130 -0.018669842 0.998231292 -0.056440789 -6.929039001 -0.999541104 -0.019981466 -0.022764599 -41.965415955
-0.012854430 0.057083085 0.998286664 164.685668945 -0.016892029 0.998214245 -0.057296459 -6.976537704 -0.999774694 -0.017599599 -0.011867230 -41.967712402
0.001822826 0.056999084 0.998372555 165.376480103 -0.013925947 0.998278856 -0.056968313 -7.029329300 -0.999901414 -0.013799441 0.002613451 -41.963878632
0.017130068 0.054566424 0.998363197 166.068588257 -0.014045293 0.998424351 -0.054328777 -7.076762199 -0.999754667 -0.013091646 0.017869486 -41.939888000
0.033343960 0.049752299 0.998204768 166.751403809 -0.018404808 0.998621404 -0.049158264 -7.125210762 -0.999274433 -0.016732637 0.034213677 -41.906517029
0.049434632 0.042262938 0.997882783 167.427673340 -0.018063096 0.998978794 -0.041414514 -7.174025536 -0.998613954 -0.015977539 0.050147556 -41.857414246
0.066232830 0.035184834 0.997183621 168.094528198 -0.020318167 0.999218404 -0.033907093 -7.208406925 -0.997597277 -0.018015182 0.066895962 -41.795227051
0.084704168 0.028273789 0.996004879 168.789581299 -0.019851532 0.999446809 -0.026683237 -7.241335869 -0.996208310 -0.017512042 0.085218586 -41.744010925
0.101171508 0.022557499 0.994613171 169.448272705 -0.021509843 0.999558806 -0.020481691 -7.272607803 -0.994636476 -0.019321809 0.101612091 -41.657943726
0.119276352 0.020276131 0.992653966 170.100341797 -0.022796262 0.999583840 -0.017678505 -7.300876617 -0.992599368 -0.020520173 0.119688921 -41.568836212
0.137459934 0.018798159 0.990329027 170.746643066 -0.021490782 0.999641120 -0.015991954 -7.324459076 -0.990274191 -0.019084686 0.137814596 -41.472084045
0.154885501 0.018582836 0.987757623 171.389038086 -0.022850998 0.999623001 -0.015222903 -7.341098785 -0.987668097 -0.020213436 0.155251712 -41.361644745
0.170362756 0.017684944 0.985222697 172.012344360 -0.027096637 0.999544919 -0.013256535 -7.359860420 -0.985008717 -0.024437798 0.170764416 -41.229892731
0.185004681 0.013887719 0.982639432 172.641601562 -0.029572727 0.999525964 -0.008558625 -7.382268906 -0.982292593 -0.027475940 0.185327664 -41.098628998
0.197105870 0.010018378 0.980331004 173.268585205 -0.026322307 0.999641299 -0.004923340 -7.397741318 -0.980028749 -0.024834152 0.197298884 -40.966030121
0.208022535 0.008932259 0.978083193 173.887207031 -0.024333689 0.999696076 -0.003954253 -7.414537430 -0.977821231 -0.022977803 0.208176628 -40.833404541
0.217909455 0.012887010 0.975883901 174.490142822 -0.028988624 0.999557078 -0.006726628 -7.433121681 -0.975538373 -0.026823737 0.218186498 -40.684608459
0.227143019 0.019839805 0.973659217 175.077453613 -0.033262778 0.999367177 -0.012603833 -7.456871033 -0.973293126 -0.029523753 0.227659181 -40.535160065
0.235946611 0.029381990 0.971321702 175.665222168 -0.032985527 0.999209046 -0.022212952 -7.474953651 -0.971206009 -0.026798489 0.236729130 -40.383071899
0.244359598 0.035277374 0.969042778 176.257125854 -0.027840275 0.999181390 -0.029354174 -7.491586685 -0.969284952 -0.019805444 0.245141655 -40.237075806
0.250712067 0.033330567 0.967487752 176.851409912 -0.027865857 0.999241471 -0.027203420 -7.513650894 -0.967660546 -0.020139653 0.251450658 -40.079715729
0.256472975 0.025950585 0.966202915 177.458221436 -0.030913485 0.999348402 -0.018635001 -7.531946182 -0.966056883 -0.025089327 0.257108033 -39.905384064
0.261032939 0.015134854 0.965211213 178.055572510 -0.034887765 0.999371827 -0.006235411 -7.554647446 -0.964699268 -0.032046415 0.261396915 -39.735431671
0.263258487 0.007045275 0.964699566 178.658264160 -0.035306517 0.999373794 0.002336350 -7.581875324 -0.964078963 -0.034675252 0.263342321 -39.570625305
0.264575660 0.006387713 0.964343786 179.260070801 -0.032119323 0.999481618 0.002191741 -7.596940994 -0.963829875 -0.031553950 0.264643759 -39.413848877
0.265751570 0.008358268 0.964005291 179.865539551 -0.028665507 0.999588728 -0.000764442 -7.604335785 -0.963615239 -0.027430551 0.265881836 -39.244979858
0.267452747 0.007616976 0.963540852 180.462661743 -0.025032241 0.999686182 -0.000954441 -7.613421440 -0.963245749 -0.023864320 0.267559469 -39.079563141
0.268807530 0.005879363 0.963175952 181.072341919 -0.028071007 0.999604404 0.001732455 -7.612488747 -0.962784767 -0.027503012 0.268866152 -38.900703430
0.271385998 0.002554973 0.962467134 181.685989380 -0.028772200 0.999571025 0.005459399 -7.617893696 -0.962040424 -0.029173899 0.271342993 -38.719631195
0.274787396 -0.002513953 0.961501777 182.303894043 -0.028235728 0.999544144 0.010682904 -7.625356197 -0.961090326 -0.030084228 0.274591118 -38.542797089
0.279516965 -0.005184330 0.960126758 182.930023193 -0.026939915 0.999549329 0.013240082 -7.625323772 -0.959762633 -0.029566562 0.279251337 -38.361038208
0.285714746 -0.007674763 0.958283961 183.520339966 -0.024580343 0.999580264 0.015334189 -7.627356529 -0.957999408 -0.027936151 0.285406113 -38.186481476
0.293467492 -0.010961516 0.955906153 184.139129639 -0.023098804 0.999561071 0.018553546 -7.627978325 -0.955689967 -0.027525153 0.293085486 -37.988998413
0.302827448 -0.012190759 0.952967346 184.754226685 -0.020783937 0.999595881 0.019391825 -7.623538017 -0.952818751 -0.025678791 0.302451670 -37.786914825
0.314345747 -0.010471828 0.949250758 185.364395142 -0.022366770 0.999579847 0.018433826 -7.631709099 -0.949045002 -0.027026266 0.313979447 -37.579181671
0.325688511 -0.006501960 0.945454836 185.971801758 -0.023684327 0.999606431 0.015033096 -7.628015518 -0.945180416 -0.027288565 0.325406373 -37.354381561
0.337921798 -0.003770159 0.941166639 186.595825195 -0.023961212 0.999633312 0.012607539 -7.626746178 -0.940869093 -0.026811853 0.337707669 -37.128265381
0.349582881 -0.003794344 0.936897755 187.206481934 -0.022752924 0.999662519 0.012538289 -7.630042553 -0.936629117 -0.025700333 0.349378556 -36.897041321
0.360753268 -0.006764592 0.932636678 187.812713623 -0.021891344 0.999636710 0.015718346 -7.628188610 -0.932404339 -0.026087113 0.360474199 -36.660167694
